%!PS
%%BoundingBox: -178 -263 67 -17 
%%Creator: MetaPost
%%CreationDate: 2003.02.25:1619
%%Pages: 1
%*Font: cmr10 9.96265 9.96265 70:80e
%%EndProlog
%%Page: 1 1
 0.75294 setgray 0 0.5 dtransform truncate idtransform setlinewidth pop
 [] 0 setdash 1 setlinecap 1 setlinejoin 10 setmiterlimit
newpath -87.21974 -218.04959 moveto
-41.99458 -104.9869 lineto stroke
newpath -41.9458 -108.98706 moveto
-41.99458 -104.9869 lineto
-44.7887 -107.84988 lineto
 closepath
gsave fill grestore stroke
 0 setgray
newpath 12.8847 -128.84755 moveto
12.98238 -129.82404 12.97227 -130.80814 12.86092 -131.78314 curveto
12.74274 -132.81784 12.51129 -133.83597 12.18704 -134.82558 curveto
11.83267 -135.90706 11.36935 -136.94911 10.825 -137.94846 curveto
10.21873 -139.06146 9.51431 -140.11745 8.74104 -141.12152 curveto
7.87328 -142.24832 6.92111 -143.3069 5.911 -144.30798 curveto
4.77771 -145.43114 3.57356 -146.47992 2.32054 -147.46764 curveto
0.9229 -148.56937 -0.53369 -149.5937 -2.0316 -150.55463 curveto
-3.68704 -151.61661 -5.39128 -152.60008 -7.1303 -153.51877 curveto
-9.03119 -154.52296 -10.97218 -155.449 -12.94267 -156.3086 curveto
-15.07016 -157.23668 -17.23073 -158.08673 -19.41595 -158.86919 curveto
-21.7448 -159.70306 -24.10048 -160.45973 -26.47661 -161.14734 curveto
-28.97487 -161.8703 -31.4946 -162.5166 -34.03079 -163.09244 curveto
-36.65996 -163.68938 -39.30576 -164.21037 -41.96431 -164.65865 curveto
-44.68146 -165.1168 -47.41087 -165.49884 -50.14912 -165.80658 curveto
-52.90677 -166.11652 -55.67238 -166.35098 -58.44293 -166.50815 curveto
-61.19167 -166.66408 -63.94421 -166.74387 -66.69737 -166.74388 curveto
-69.38788 -166.7439 -72.0779 -166.66774 -74.76367 -166.50815 curveto
-77.34795 -166.35458 -79.92715 -166.12387 -82.49649 -165.80658 curveto
-84.93066 -165.50598 -87.35478 -165.12782 -89.76218 -164.65865 curveto
-92.00827 -164.2209 -94.23843 -163.7042 -96.44351 -163.09244 curveto
-98.4697 -162.53033 -100.47316 -161.88838 -102.441 -161.14734 curveto
-104.22403 -160.47589 -105.97603 -159.72372 -107.67897 -158.86919 curveto
-109.20354 -158.10416 -110.68665 -157.25809 -112.10378 -156.3086 curveto
-113.36258 -155.46518 -114.56677 -154.54175 -115.68471 -153.51877 curveto
-116.6772 -152.61058 -117.59868 -151.62651 -118.41183 -150.55463 curveto
-119.14229 -149.59175 -119.78192 -148.56221 -120.29465 -147.46764 curveto
-120.76758 -146.45801 -121.12938 -145.3994 -121.35738 -144.30798 curveto
-121.57617 -143.2606 -121.67 -142.19102 -121.63809 -141.12152 curveto
-121.60614 -140.05025 -121.44833 -138.98691 -121.1835 -137.94846 curveto
-120.90915 -136.87263 -120.52158 -135.82953 -120.04767 -134.82558 curveto
-119.54672 -133.76434 -118.95131 -132.75092 -118.28769 -131.78314 curveto
-117.581 -130.75255 -116.7988 -129.77629 -115.96283 -128.84755 curveto
-115.0731 -127.85909 -114.12402 -126.92606 -113.13234 -126.03998 curveto
-112.08203 -125.1015 -110.98517 -124.21675 -109.85417 -123.3773 curveto
-108.66428 -122.49416 -107.43759 -121.6619 -106.18327 -120.87294 curveto
-104.87335 -120.04903 -103.53412 -119.27283 -102.1724 -118.5377 curveto
-100.76027 -117.77538 -99.32462 -117.05754 -97.87042 -116.37892 curveto
-96.3721 -115.6797 -94.85464 -115.02237 -93.32191 -114.40225 curveto
-91.75229 -113.76721 -90.1671 -113.17139 -88.56924 -112.61115 curveto
-86.94168 -112.04048 -85.30139 -111.50688 -83.6505 -111.00774 curveto
-81.97697 -110.50175 -80.29294 -110.0313 -78.60023 -109.5938 curveto
-76.89188 -109.15225 -75.17502 -108.74434 -73.45094 -108.36887 curveto
-71.71788 -107.99144 -69.97784 -107.64687 -68.23201 -107.3338 curveto
-66.48344 -107.02025 -64.72935 -106.73837 -62.97067 -106.48778 curveto
-61.21544 -106.23767 -59.45589 -106.01875 -57.69292 -105.83076 curveto
-55.93884 -105.64372 -54.18163 -105.48732 -52.42207 -105.3619 curveto
-50.67714 -105.2375 -48.93018 -105.14359 -47.18195 -105.08075 curveto
-45.45352 -105.01863 -43.72412 -104.9869 -41.99458 -104.9869 curveto
-40.29012 -104.9869 -38.58578 -105.01772 -36.88248 -105.08075 curveto
-35.2091 -105.14267 -33.53702 -105.23566 -31.86726 -105.3619 curveto
-30.2325 -105.48549 -28.60027 -105.64093 -26.97186 -105.83076 curveto
-25.38329 -106.01595 -23.79868 -106.23383 -22.21964 -106.48778 curveto
-20.6852 -106.73456 -19.15639 -107.01535 -17.63521 -107.3338 curveto
-16.16307 -107.64198 -14.69847 -107.98535 -13.24414 -108.36887 curveto
-11.84314 -108.73833 -10.45215 -109.14491 -9.07454 -109.5938 curveto
-7.75385 -110.02414 -6.44601 -110.49316 -5.15579 -111.00774 curveto
-3.92493 -111.49863 -2.71077 -112.0307 -1.51949 -112.61115 curveto
-0.38866 -113.16212 0.72076 -113.75632 1.8002 -114.40225 curveto
2.8206 -115.01286 3.81317 -115.66913 4.76694 -116.37936 curveto
5.66606 -117.04892 6.52946 -117.76556 7.34224 -118.5377 curveto
8.10913 -119.26625 8.82939 -120.04279 9.485 -120.87294 curveto
10.10764 -121.66136 10.67015 -122.49594 11.15242 -123.3773 curveto
11.61743 -124.22713 12.00592 -125.11702 12.30035 -126.03998 curveto
12.59167 -126.95316 12.7893 -127.89377 12.8847 -128.84755 curveto closepath
 stroke
newpath 12.8847 -128.84755 moveto
12.7893 -127.89377 12.59167 -126.95316 12.30035 -126.03998 curveto
12.00592 -125.11702 11.61743 -124.22713 11.15242 -123.3773 curveto
10.67015 -122.49594 10.10764 -121.66136 9.485 -120.87294 curveto
8.82939 -120.04279 8.10913 -119.26625 7.34224 -118.5377 curveto
6.52946 -117.76556 5.66606 -117.04892 4.76694 -116.37936 curveto
3.81317 -115.66913 2.8206 -115.01286 1.8002 -114.40225 curveto
0.72076 -113.75632 -0.38866 -113.16212 -1.51949 -112.61115 curveto
-2.71077 -112.0307 -3.92493 -111.49864 -5.15579 -111.00774 curveto
-6.44601 -110.49316 -7.75385 -110.02414 -9.07454 -109.5938 curveto
-10.45215 -109.14491 -11.84314 -108.73833 -13.24414 -108.36887 curveto
-14.69847 -107.98535 -16.16307 -107.64198 -17.63521 -107.3338 curveto
-19.15639 -107.01535 -20.6852 -106.73456 -22.21964 -106.48778 curveto
-23.79868 -106.23383 -25.3833 -106.01595 -26.97186 -105.83076 curveto
-28.60027 -105.64093 -30.2325 -105.48549 -31.86726 -105.3619 curveto
-33.53702 -105.23566 -35.2091 -105.14267 -36.88248 -105.08075 curveto
-38.58578 -105.01772 -40.29012 -104.9869 -41.99458 -104.9869 curveto
-43.72412 -104.9869 -45.45352 -105.01863 -47.18195 -105.08075 curveto
-48.93018 -105.14359 -50.67714 -105.2375 -52.42207 -105.3619 curveto
-54.18163 -105.48732 -55.93884 -105.64372 -57.69292 -105.83076 curveto
-59.45589 -106.01875 -61.21544 -106.23767 -62.97067 -106.48778 curveto
-64.72935 -106.73837 -66.48344 -107.02025 -68.23201 -107.3338 curveto
-69.97784 -107.64687 -71.71788 -107.99144 -73.45094 -108.36887 curveto
-75.17502 -108.74434 -76.89188 -109.15225 -78.60023 -109.5938 curveto
-80.29294 -110.0313 -81.97697 -110.50175 -83.6505 -111.00774 curveto
-85.30139 -111.50688 -86.94168 -112.04053 -88.56924 -112.61115 curveto
-90.16711 -113.17136 -91.75232 -113.7671 -93.32191 -114.40225 curveto
-94.85466 -115.02249 -96.37206 -115.68013 -97.87042 -116.37936 curveto
-99.32455 -117.05795 -100.76027 -117.7755 -102.1724 -118.5377 curveto
-103.53416 -119.27274 -104.87337 -120.049 -106.18327 -120.87294 curveto
-107.43758 -121.66191 -108.66428 -122.49416 -109.85417 -123.3773 curveto
-110.98517 -124.21674 -112.08203 -125.1015 -113.13234 -126.03998 curveto
-114.12402 -126.92606 -115.0731 -127.85909 -115.96283 -128.84755 curveto
-116.7988 -129.77629 -117.581 -130.75255 -118.28769 -131.78314 curveto
-118.95131 -132.75092 -119.54672 -133.76434 -120.04767 -134.82558 curveto
-120.52158 -135.82953 -120.90915 -136.87263 -121.1835 -137.94846 curveto
-121.44833 -138.98691 -121.60614 -140.05025 -121.63809 -141.12152 curveto
-121.66998 -142.19102 -121.57617 -143.2606 -121.35738 -144.30798 curveto
-121.12938 -145.3994 -120.76758 -146.45801 -120.29465 -147.46764 curveto
-119.78192 -148.56221 -119.14229 -149.59175 -118.41183 -150.55463 curveto
-117.59868 -151.62651 -116.6772 -152.61058 -115.68471 -153.51877 curveto
-114.56677 -154.54175 -113.36258 -155.46518 -112.10378 -156.3086 curveto
-110.68665 -157.25809 -109.20354 -158.10417 -107.67897 -158.86919 curveto
-105.97603 -159.72372 -104.22403 -160.47589 -102.441 -161.14734 curveto
-100.47314 -161.88838 -98.4697 -162.53032 -96.44351 -163.09244 curveto
-94.23843 -163.7042 -92.00827 -164.2209 -89.76218 -164.65865 curveto
-87.35478 -165.12782 -84.93068 -165.50598 -82.49649 -165.80658 curveto
-79.92715 -166.12387 -77.34795 -166.35458 -74.76367 -166.50815 curveto
-72.0779 -166.66774 -69.38788 -166.7439 -66.69737 -166.74388 curveto
-63.94421 -166.74387 -61.19167 -166.66408 -58.44293 -166.50815 curveto
-55.67238 -166.35098 -52.90677 -166.11652 -50.14912 -165.80658 curveto
-47.41087 -165.49883 -44.68146 -165.11678 -41.96431 -164.65865 curveto
-39.30562 -164.21037 -36.65967 -163.68942 -34.03036 -163.09244 curveto
-31.49431 -162.51662 -28.97472 -161.87029 -26.47661 -161.14734 curveto
-24.10048 -160.4597 -21.7448 -159.70305 -19.41595 -158.86919 curveto
-17.23071 -158.08675 -15.07016 -157.23668 -12.94267 -156.3086 curveto
-10.97218 -155.449 -9.03119 -154.52296 -7.1303 -153.51877 curveto
-5.39128 -152.60008 -3.68704 -151.61661 -2.0316 -150.55463 curveto
-0.53369 -149.5937 0.9229 -148.56937 2.32054 -147.46764 curveto
3.57356 -146.47992 4.77771 -145.43114 5.911 -144.30798 curveto
6.92111 -143.3069 7.87328 -142.24832 8.74104 -141.12152 curveto
9.51431 -140.11745 10.21873 -139.06146 10.825 -137.94846 curveto
11.36935 -136.94911 11.83267 -135.90706 12.18704 -134.82558 curveto
12.51129 -133.83597 12.74274 -132.81784 12.86092 -131.78314 curveto
12.97229 -130.80814 12.98238 -129.82404 12.8847 -128.84755 curveto closepath
 stroke
newpath 12.8847 -128.84755 moveto
12.9098 -128.92934 12.88713 -129.01659 12.83887 -129.0876 curveto
12.69298 -129.30223 12.40524 -129.31525 12.14421 -129.33588 curveto
11.67809 -129.37273 11.22537 -129.4988 10.76703 -129.58977 curveto
10.0782 -129.7265 9.37721 -129.78383 8.6779 -129.84627 curveto
7.73755 -129.93024 6.79807 -130.02374 5.85736 -130.10362 curveto
4.67113 -130.20435 3.4832 -130.28336 2.29501 -130.35751 curveto
0.86172 -130.44698 -0.57198 -130.52942 -2.00609 -130.60449 curveto
-3.67957 -130.69211 -5.35355 -130.76968 -7.02779 -130.84108 curveto
-8.93034 -130.92221 -10.83325 -130.99533 -12.73636 -131.06255 curveto
-14.84991 -131.1372 -16.96373 -131.20457 -19.07771 -131.26584 curveto
-21.3786 -131.33252 -23.6797 -131.39195 -25.98093 -131.44577 curveto
-28.43901 -131.50325 -30.89726 -131.5543 -33.3556 -131.59932 curveto
-35.93527 -131.64656 -38.51505 -131.68715 -41.09491 -131.72215 curveto
-43.75565 -131.75826 -46.41644 -131.78844 -49.0773 -131.81255 curveto
-51.77512 -131.83699 -54.47296 -131.8552 -57.17085 -131.86748 curveto
-59.8596 -131.87971 -62.54837 -131.88608 -65.23715 -131.88608 curveto
-67.87029 -131.88608 -70.50339 -131.87997 -73.13649 -131.86748 curveto
-75.66887 -131.85547 -78.20122 -131.83754 -80.73349 -131.81255 curveto
-83.1233 -131.78896 -85.51308 -131.75906 -87.90273 -131.72215 curveto
-90.11223 -131.68803 -92.32162 -131.64792 -94.53085 -131.59932 curveto
-96.52832 -131.55539 -98.52563 -131.50452 -100.52272 -131.44577 curveto
-102.28296 -131.394 -104.04303 -131.3361 -105.80264 -131.26584 curveto
-107.3069 -131.20576 -108.81076 -131.13667 -110.31439 -131.06255 curveto
-111.55133 -131.00157 -112.7882 -130.93718 -114.02292 -130.84108 curveto
-114.9865 -130.76608 -115.94852 -130.6718 -116.91267 -130.60449 curveto
-117.60811 -130.55595 -118.30765 -130.52097 -118.9858 -130.35751 curveto
-119.40823 -130.25569 -119.82375 -130.1041 -120.25917 -130.10362 curveto
-120.5006 -130.10336 -120.76195 -130.05396 -120.7622 -129.84627 curveto
-120.76236 -129.72385 -120.64998 -129.64365 -120.53557 -129.58977 curveto
-120.24908 -129.45485 -119.93625 -129.39297 -119.62509 -129.33588 curveto
-119.11282 -129.24188 -118.59862 -129.15869 -118.08267 -129.0876 curveto
-117.37811 -128.99054 -116.67072 -128.9161 -115.96283 -128.84755 curveto
-115.08281 -128.76233 -114.20193 -128.68616 -113.3205 -128.617 curveto
-112.2843 -128.5357 -111.24739 -128.46411 -110.21014 -128.3977 curveto
-109.03575 -128.32251 -107.86095 -128.25398 -106.68587 -128.19052 curveto
-105.39043 -128.12057 -104.09467 -128.0568 -102.7987 -127.99718 curveto
-101.39822 -127.93274 -99.99753 -127.87317 -98.59665 -127.81769 curveto
-97.10631 -127.75867 -95.61578 -127.70428 -94.12514 -127.65332 curveto
-92.5592 -127.59978 -90.99312 -127.55002 -89.42696 -127.50366 curveto
-87.79857 -127.45547 -86.17007 -127.41098 -84.5415 -127.36958 curveto
-82.86264 -127.3269 -81.18369 -127.28754 -79.50467 -127.25107 curveto
-77.78658 -127.21375 -76.06839 -127.17947 -74.35017 -127.14812 curveto
-72.60365 -127.11624 -70.85709 -127.0874 -69.11047 -127.06119 curveto
-67.34491 -127.0347 -65.57932 -127.0109 -63.81369 -126.98982 curveto
-62.0386 -126.96863 -60.26349 -126.9502 -58.48834 -126.93445 curveto
-56.71223 -126.9187 -54.93611 -126.90564 -53.15997 -126.8951 curveto
-51.39136 -126.8846 -49.62273 -126.87659 -47.8541 -126.8713 curveto
-46.1012 -126.86607 -44.34828 -126.86351 -42.59537 -126.86351 curveto
-40.8661 -126.86351 -39.13684 -126.866 -37.40758 -126.8713 curveto
-35.71016 -126.87653 -34.01276 -126.88445 -32.31537 -126.8951 curveto
-30.65804 -126.90549 -29.00072 -126.91847 -27.34341 -126.93445 curveto
-25.73465 -126.94997 -24.1259 -126.9683 -22.51721 -126.98982 curveto
-20.96553 -127.01057 -19.41388 -127.03427 -17.86229 -127.06119 curveto
-16.37692 -127.08696 -14.89159 -127.11568 -13.40634 -127.14812 curveto
-11.99721 -127.1789 -10.58815 -127.21303 -9.1792 -127.25107 curveto
-7.85626 -127.28677 -6.53343 -127.32591 -5.21072 -127.36958 curveto
-3.98506 -127.41005 -2.75954 -127.45439 -1.5342 -127.50366 curveto
-0.41733 -127.54857 0.69939 -127.59756 1.81577 -127.65332 curveto
2.81158 -127.70305 3.80713 -127.75816 4.80241 -127.81769 curveto
5.66458 -127.86925 6.5266 -127.92413 7.38722 -127.99718 curveto
8.1018 -128.05783 8.81529 -128.13098 9.52998 -128.19052 curveto
10.08594 -128.23683 10.64426 -128.27516 11.18875 -128.3977 curveto
11.56488 -128.48236 11.93512 -128.60715 12.32112 -128.617 curveto
12.55507 -128.62297 12.81995 -128.63652 12.8847 -128.84755 curveto closepath
 stroke
newpath 12.8847 -128.84755 moveto
12.81995 -128.6365 12.55507 -128.62297 12.32112 -128.617 curveto
11.93512 -128.60716 11.56488 -128.48236 11.18875 -128.3977 curveto
10.64426 -128.27516 10.08594 -128.23683 9.52998 -128.19052 curveto
8.81529 -128.13098 8.1018 -128.05783 7.38722 -127.99718 curveto
6.5266 -127.92413 5.66458 -127.86925 4.80241 -127.81769 curveto
3.80713 -127.75816 2.81158 -127.70305 1.81577 -127.65332 curveto
0.69939 -127.59756 -0.41733 -127.54857 -1.5342 -127.50366 curveto
-2.75954 -127.45439 -3.98506 -127.41005 -5.21072 -127.36958 curveto
-6.53343 -127.32591 -7.85626 -127.28677 -9.1792 -127.25107 curveto
-10.58815 -127.21303 -11.99721 -127.1789 -13.40634 -127.14812 curveto
-14.89159 -127.11568 -16.37692 -127.08699 -17.86229 -127.06119 curveto
-19.41388 -127.03424 -20.96553 -127.01047 -22.51721 -126.98982 curveto
-24.1259 -126.96843 -25.73465 -126.9504 -27.34341 -126.93489 curveto
-29.00072 -126.91891 -30.65804 -126.90561 -32.31537 -126.8951 curveto
-34.01276 -126.88432 -35.71016 -126.8765 -37.40758 -126.8713 curveto
-39.13684 -126.86603 -40.8661 -126.86351 -42.59537 -126.86351 curveto
-44.34828 -126.86351 -46.1012 -126.8661 -47.8541 -126.8713 curveto
-49.62273 -126.87656 -51.39136 -126.88448 -53.15997 -126.8951 curveto
-54.93611 -126.90576 -56.71223 -126.91914 -58.48834 -126.93489 curveto
-60.26349 -126.95064 -62.0386 -126.96875 -63.81369 -126.98982 curveto
-65.57932 -127.01079 -67.34491 -127.03467 -69.11047 -127.06119 curveto
-70.85724 -127.08743 -72.60394 -127.11626 -74.35062 -127.14812 curveto
-76.0687 -127.17946 -77.78671 -127.21375 -79.50467 -127.25107 curveto
-81.18369 -127.28754 -82.86264 -127.3269 -84.5415 -127.36958 curveto
-86.17007 -127.41098 -87.79857 -127.45547 -89.42696 -127.50366 curveto
-90.99312 -127.55002 -92.5592 -127.59978 -94.12514 -127.65332 curveto
-95.61578 -127.70428 -97.10631 -127.75867 -98.59665 -127.81769 curveto
-99.99753 -127.87317 -101.39822 -127.93275 -102.7987 -127.99718 curveto
-104.09467 -128.0568 -105.39043 -128.12057 -106.68587 -128.19052 curveto
-107.86095 -128.25398 -109.03575 -128.32251 -110.21014 -128.3977 curveto
-111.24739 -128.46411 -112.2843 -128.5357 -113.3205 -128.617 curveto
-114.20193 -128.68616 -115.08281 -128.76233 -115.96283 -128.84755 curveto
-116.67072 -128.9161 -117.37811 -128.99054 -118.08267 -129.0876 curveto
-118.59862 -129.15869 -119.11282 -129.24188 -119.62509 -129.33588 curveto
-119.93625 -129.39297 -120.24908 -129.45485 -120.53557 -129.58977 curveto
-120.64998 -129.64365 -120.76236 -129.72385 -120.7622 -129.84627 curveto
-120.76195 -130.05396 -120.50058 -130.10336 -120.25917 -130.10362 curveto
-119.82375 -130.1041 -119.40823 -130.25569 -118.9858 -130.35751 curveto
-118.30765 -130.52097 -117.60811 -130.55595 -116.91267 -130.60449 curveto
-115.94852 -130.6718 -114.9865 -130.76608 -114.02292 -130.84108 curveto
-112.7882 -130.93718 -111.55133 -131.00157 -110.31439 -131.06255 curveto
-108.81076 -131.13667 -107.3069 -131.20578 -105.80264 -131.26584 curveto
-104.04303 -131.3361 -102.28296 -131.394 -100.52272 -131.44577 curveto
-98.52563 -131.50452 -96.52832 -131.55539 -94.53085 -131.59932 curveto
-92.32162 -131.64792 -90.11223 -131.68803 -87.90273 -131.72215 curveto
-85.51308 -131.75906 -83.1233 -131.78896 -80.73349 -131.81255 curveto
-78.20122 -131.83754 -75.66887 -131.85547 -73.13649 -131.86748 curveto
-70.50339 -131.87997 -67.87029 -131.88608 -65.23715 -131.88608 curveto
-62.54837 -131.88608 -59.8596 -131.87971 -57.17085 -131.86748 curveto
-54.47296 -131.8552 -51.77512 -131.83699 -49.0773 -131.81255 curveto
-46.41644 -131.78844 -43.75565 -131.75826 -41.09491 -131.72215 curveto
-38.51505 -131.68713 -35.93527 -131.64656 -33.3556 -131.59932 curveto
-30.89726 -131.5543 -28.43901 -131.50325 -25.98093 -131.44577 curveto
-23.6797 -131.39195 -21.3786 -131.33252 -19.07771 -131.26584 curveto
-16.96373 -131.20457 -14.84991 -131.1372 -12.73636 -131.06255 curveto
-10.83325 -130.99533 -8.93034 -130.92221 -7.02779 -130.84108 curveto
-5.35355 -130.76968 -3.67957 -130.69211 -2.00609 -130.60449 curveto
-0.57198 -130.52942 0.86172 -130.44698 2.29501 -130.35751 curveto
3.4832 -130.28336 4.67113 -130.20435 5.85736 -130.10362 curveto
6.79807 -130.02374 7.73755 -129.93022 8.6779 -129.84627 curveto
9.37721 -129.78383 10.0782 -129.72649 10.76703 -129.58977 curveto
11.22537 -129.4988 11.67809 -129.37273 12.14421 -129.33588 curveto
12.40524 -129.31525 12.69298 -129.30222 12.83887 -129.0876 curveto
12.88713 -129.01659 12.9098 -128.92934 12.8847 -128.84755 curveto closepath
 stroke
newpath 12.8847 -128.84755 moveto
12.97491 -130.5718 12.95793 -132.2999 12.83887 -134.02237 curveto
12.71489 -135.816 12.48047 -137.60014 12.14421 -139.3663 curveto
11.79253 -141.21349 11.3301 -143.03772 10.76703 -144.83179 curveto
10.17628 -146.7141 9.47578 -148.56003 8.6779 -150.3643 curveto
7.83968 -152.25978 6.89528 -154.10637 5.85736 -155.90028 curveto
4.76714 -157.7846 3.57532 -159.60812 2.29501 -161.3688 curveto
0.95256 -163.21498 -0.48538 -164.98964 -2.00609 -166.69197 curveto
-3.59547 -168.47119 -5.27332 -170.16925 -7.02779 -171.7859 curveto
-8.85355 -173.46825 -10.76016 -175.06049 -12.73636 -176.56323 curveto
-14.78117 -178.11815 -16.89824 -179.57555 -19.07771 -180.93527 curveto
-21.31827 -182.33311 -23.62239 -183.62627 -25.98093 -184.81422 curveto
-28.3878 -186.02654 -30.84886 -187.12805 -33.3556 -188.11748 curveto
-35.89375 -189.1193 -38.47615 -190.00519 -41.09491 -190.77193 curveto
-43.72446 -191.54184 -46.38794 -192.19083 -49.0773 -192.71486 curveto
-51.7551 -193.23663 -54.45573 -193.63396 -57.17085 -193.90044 curveto
-59.85162 -194.16354 -62.54349 -194.2988 -65.23715 -194.2988 curveto
-67.87532 -194.2988 -70.51202 -194.16908 -73.13649 -193.90044 curveto
-75.68797 -193.63927 -78.2245 -193.24715 -80.73349 -192.71486 curveto
-83.15746 -192.20062 -85.55219 -191.55627 -87.90273 -190.77193 curveto
-90.16232 -190.01791 -92.37735 -189.13574 -94.53085 -188.11748 curveto
-96.59471 -187.1416 -98.5983 -186.04248 -100.52272 -184.81422 curveto
-102.36562 -183.63799 -104.13211 -182.34569 -105.80264 -180.93527 curveto
-107.40471 -179.58267 -108.91483 -178.12448 -110.31439 -176.56323 curveto
-111.66174 -175.06024 -112.90327 -173.46544 -114.02292 -171.7859 curveto
-115.10718 -170.15945 -116.0743 -168.4578 -116.91267 -166.69197 curveto
-117.73044 -164.96957 -118.42355 -163.19069 -118.9858 -161.3688 curveto
-119.53839 -159.5782 -119.96313 -157.75067 -120.25917 -155.90028 curveto
-120.55222 -154.06853 -120.71841 -152.21883 -120.7622 -150.3643 curveto
-120.80583 -148.5172 -120.72794 -146.66934 -120.53557 -144.83179 curveto
-120.3431 -142.99323 -120.03639 -141.16855 -119.62509 -139.3663 curveto
-119.21225 -137.55733 -118.69473 -135.77397 -118.08267 -134.02237 curveto
-117.46736 -132.26146 -116.7574 -130.53516 -115.96283 -128.84755 curveto
-115.16359 -127.15001 -114.27975 -125.49371 -113.3205 -123.88121 curveto
-112.35603 -122.25995 -111.31635 -120.68471 -110.21014 -119.15665 curveto
-109.09903 -117.62183 -107.92183 -116.13602 -106.68587 -114.69984 curveto
-105.44612 -113.25926 -104.14827 -111.86978 -102.7987 -110.53152 curveto
-101.4471 -109.19124 -100.0446 -107.9033 -98.59665 -106.66771 curveto
-97.14902 -105.43239 -95.65692 -104.25021 -94.12514 -103.12094 curveto
-92.59636 -101.99387 -91.02896 -100.92017 -89.42696 -99.89987 curveto
-87.83078 -98.8833 -86.20113 -97.9203 -84.5415 -97.01099 curveto
-82.89035 -96.10631 -81.21039 -95.25523 -79.50467 -94.45818 curveto
-77.81012 -93.66634 -76.091 -92.92818 -74.35017 -92.24405 curveto
-72.62335 -91.56543 -70.87599 -90.94028 -69.11047 -90.36989 curveto
-67.36102 -89.8047 -65.59459 -89.29353 -63.81369 -88.83699 curveto
-62.05118 -88.38516 -60.27531 -87.98703 -58.48834 -87.6445 curveto
-56.72142 -87.30582 -54.9445 -87.02164 -53.15997 -86.79327 curveto
-51.39711 -86.56767 -49.62767 -86.39664 -47.8541 -86.28246 curveto
-46.10344 -86.16974 -44.34964 -86.11247 -42.59537 -86.11247 curveto
-40.8647 -86.11247 -39.13446 -86.1682 -37.40758 -86.28246 curveto
-35.70488 -86.39511 -34.0064 -86.56462 -32.31537 -86.79327 curveto
-30.64857 -87.01865 -28.99 -87.30135 -27.34341 -87.6445 curveto
-25.7206 -87.98271 -24.1105 -88.37943 -22.51721 -88.83699 curveto
-20.94649 -89.28809 -19.3932 -89.79802 -17.86229 -90.36989 curveto
-16.35219 -90.93399 -14.86507 -91.55792 -13.40634 -92.24405 curveto
-11.96631 -92.92139 -10.55522 -93.65875 -9.1792 -94.45818 curveto
-7.81847 -95.24872 -6.49338 -96.09918 -5.21072 -97.01099 curveto
-3.93968 -97.91457 -2.71172 -98.87738 -1.5342 -99.89987 curveto
-0.36375 -100.9162 0.7554 -101.99023 1.81577 -103.12094 curveto
2.8738 -104.24916 3.87183 -105.43227 4.80241 -106.66771 curveto
5.73546 -107.9064 6.59924 -109.19583 7.38722 -110.53152 curveto
8.1817 -111.87825 8.89777 -113.26974 9.52998 -114.69984 curveto
10.17148 -116.15096 10.7255 -117.6392 11.18875 -119.15665 curveto
11.66205 -120.70697 12.03975 -122.28487 12.32112 -123.88121 curveto
12.6106 -125.52353 12.79758 -127.1822 12.8847 -128.84755 curveto closepath
 stroke
newpath 12.8847 -128.84755 moveto
12.79758 -127.1822 12.6106 -125.52353 12.32112 -123.88121 curveto
12.03975 -122.28487 11.66205 -120.70697 11.18875 -119.15665 curveto
10.7255 -117.6392 10.17148 -116.15096 9.52998 -114.69984 curveto
8.89777 -113.26974 8.1817 -111.87825 7.38722 -110.53152 curveto
6.59924 -109.19583 5.73546 -107.9064 4.80241 -106.66771 curveto
3.87183 -105.43227 2.8738 -104.24916 1.81577 -103.12094 curveto
0.7554 -101.99023 -0.36375 -100.9162 -1.5342 -99.89987 curveto
-2.71172 -98.87738 -3.93967 -97.91455 -5.21072 -97.01099 curveto
-6.49336 -96.09917 -7.81847 -95.24872 -9.1792 -94.45818 curveto
-10.55522 -93.65875 -11.96631 -92.92139 -13.40634 -92.24405 curveto
-14.86507 -91.55792 -16.35219 -90.93399 -17.86229 -90.36989 curveto
-19.39319 -89.79802 -20.94649 -89.28809 -22.51721 -88.83699 curveto
-24.1105 -88.37943 -25.7206 -87.98271 -27.34341 -87.6445 curveto
-28.99 -87.30135 -30.64857 -87.01865 -32.31537 -86.79327 curveto
-34.0064 -86.56462 -35.70488 -86.39511 -37.40758 -86.28246 curveto
-39.13446 -86.1682 -40.8647 -86.11247 -42.59537 -86.11247 curveto
-44.34964 -86.11247 -46.10344 -86.16974 -47.8541 -86.28246 curveto
-49.62767 -86.39664 -51.39711 -86.56767 -53.15997 -86.79327 curveto
-54.9445 -87.02165 -56.72142 -87.30582 -58.48834 -87.6445 curveto
-60.27531 -87.98703 -62.05118 -88.38515 -63.81369 -88.83699 curveto
-65.59457 -89.29355 -67.36101 -89.80473 -69.11047 -90.36989 curveto
-70.87614 -90.94028 -72.62367 -91.56537 -74.35062 -92.24405 curveto
-76.09132 -92.92813 -77.81026 -93.66635 -79.50467 -94.45818 curveto
-81.21036 -95.25528 -82.89034 -96.10632 -84.5415 -97.01099 curveto
-86.20113 -97.92029 -87.83078 -98.8833 -89.42696 -99.89987 curveto
-91.02896 -100.92017 -92.59636 -101.99387 -94.12514 -103.12094 curveto
-95.65692 -104.25021 -97.14902 -105.43239 -98.59665 -106.66771 curveto
-100.0446 -107.9033 -101.4471 -109.19124 -102.7987 -110.53152 curveto
-104.14827 -111.86978 -105.44612 -113.25926 -106.68587 -114.69984 curveto
-107.92183 -116.13602 -109.09903 -117.62181 -110.21014 -119.15665 curveto
-111.31636 -120.68471 -112.35603 -122.25995 -113.3205 -123.88121 curveto
-114.27975 -125.49371 -115.16359 -127.15001 -115.96283 -128.84755 curveto
-116.7574 -130.53517 -117.46736 -132.26146 -118.08267 -134.02237 curveto
-118.69473 -135.77397 -119.21225 -137.55733 -119.62509 -139.3663 curveto
-120.03639 -141.16855 -120.3431 -142.99323 -120.53557 -144.83179 curveto
-120.72794 -146.66934 -120.80583 -148.5172 -120.7622 -150.3643 curveto
-120.71841 -152.21883 -120.55222 -154.06853 -120.25917 -155.90028 curveto
-119.96313 -157.75067 -119.53839 -159.5782 -118.9858 -161.3688 curveto
-118.42355 -163.19069 -117.73044 -164.96957 -116.91267 -166.69197 curveto
-116.0743 -168.4578 -115.10718 -170.15945 -114.02292 -171.7859 curveto
-112.90327 -173.46544 -111.66174 -175.06024 -110.31439 -176.56323 curveto
-108.91483 -178.12448 -107.40471 -179.58266 -105.80264 -180.93527 curveto
-104.13211 -182.34569 -102.36562 -183.63799 -100.52272 -184.81422 curveto
-98.5983 -186.0425 -96.59473 -187.1416 -94.53085 -188.11748 curveto
-92.37735 -189.13574 -90.16232 -190.01791 -87.90273 -190.77193 curveto
-85.55219 -191.55627 -83.15746 -192.20062 -80.73349 -192.71486 curveto
-78.2245 -193.24715 -75.68797 -193.63927 -73.13649 -193.90044 curveto
-70.51202 -194.16908 -67.87532 -194.2988 -65.23715 -194.2988 curveto
-62.54349 -194.2988 -59.85162 -194.16354 -57.17085 -193.90044 curveto
-54.45573 -193.63396 -51.7551 -193.23663 -49.0773 -192.71486 curveto
-46.38794 -192.19083 -43.72446 -191.54184 -41.09491 -190.77193 curveto
-38.47615 -190.00517 -35.89375 -189.1193 -33.3556 -188.11748 curveto
-30.84886 -187.12805 -28.3878 -186.02654 -25.98093 -184.81422 curveto
-23.62239 -183.62627 -21.31827 -182.33311 -19.07771 -180.93527 curveto
-16.89824 -179.57555 -14.78117 -178.11815 -12.73636 -176.56323 curveto
-10.76016 -175.06049 -8.85355 -173.46825 -7.02779 -171.7859 curveto
-5.27332 -170.16925 -3.59547 -168.4712 -2.00609 -166.69197 curveto
-0.48538 -164.98964 0.95256 -163.21498 2.29501 -161.3688 curveto
3.5753 -159.60812 4.76714 -157.7846 5.85736 -155.90028 curveto
6.89528 -154.10637 7.83968 -152.25978 8.6779 -150.3643 curveto
9.47578 -148.56003 10.17627 -146.7141 10.76703 -144.83179 curveto
11.33008 -143.03772 11.79253 -141.21349 12.14421 -139.3663 curveto
12.48047 -137.60014 12.71489 -135.81598 12.83887 -134.02237 curveto
12.95793 -132.2999 12.97491 -130.5718 12.8847 -128.84755 curveto closepath
 stroke
newpath 12.8847 -128.84755 moveto
12.81665 -129.66454 12.64369 -130.46902 12.37952 -131.24507 curveto
12.10518 -132.05096 11.73463 -132.82019 11.29298 -133.54787 curveto
10.81938 -134.32819 10.26651 -135.05687 9.66019 -135.73909 curveto
9.00027 -136.48161 8.2792 -137.16681 7.51828 -137.8053 curveto
6.68819 -138.50183 5.81232 -139.14143 4.90622 -139.73569 curveto
3.9218 -140.38132 2.903 -140.97256 1.86119 -141.52075 curveto
0.73788 -142.11182 -0.41118 -142.65231 -1.57788 -143.15225 curveto
-2.82568 -143.68695 -4.09288 -144.17496 -5.37378 -144.6246 curveto
-6.73253 -145.1016 -8.10606 -145.53519 -9.49019 -145.93257 curveto
-10.94685 -146.35077 -12.41473 -146.72871 -13.89078 -147.0723 curveto
-15.43336 -147.43137 -16.98445 -147.7528 -18.54181 -148.04117 curveto
-20.15857 -148.34053 -21.78172 -148.6042 -23.40953 -148.83617 curveto
-25.08919 -149.07552 -26.77348 -149.28108 -28.46107 -149.456 curveto
-30.1927 -149.63547 -31.9275 -149.78265 -33.66444 -149.89977 curveto
-35.43759 -150.01932 -37.21269 -150.10754 -38.9889 -150.1662 curveto
-40.7931 -150.22578 -42.59818 -150.25487 -44.40335 -150.25487 curveto
-46.22813 -150.25487 -48.0528 -150.22513 -49.87662 -150.1662 curveto
-51.712 -150.10689 -53.54633 -150.018 -55.37886 -149.89977 curveto
-57.21419 -149.78134 -59.04752 -149.63347 -60.87808 -149.456 curveto
-62.70287 -149.27908 -64.52469 -149.07277 -66.3427 -148.83617 curveto
-68.14622 -148.60146 -69.94576 -148.33694 -71.74028 -148.04117 curveto
-73.51141 -147.74924 -75.2774 -147.42688 -77.03706 -147.0723 curveto
-78.76414 -146.72429 -80.48485 -146.3453 -82.19762 -145.93257 curveto
-83.86896 -145.52983 -85.53242 -145.09502 -87.186 -144.6246 curveto
-88.78897 -144.1686 -90.38228 -143.67921 -91.96333 -143.15225 curveto
-93.48524 -142.645 -94.99542 -142.10306 -96.49022 -141.52075 curveto
-97.91794 -140.96457 -99.33118 -140.37175 -100.72514 -139.73569 curveto
-102.04494 -139.13347 -103.34691 -138.49272 -104.62442 -137.8053 curveto
-105.82272 -137.16049 -106.99883 -136.47495 -108.14351 -135.73909 curveto
-109.20714 -135.05534 -110.24281 -134.32866 -111.23741 -133.54787 curveto
-112.15305 -132.82906 -113.0328 -132.06519 -113.859 -131.24507 curveto
-114.61456 -130.49506 -115.32397 -129.69926 -115.96283 -128.84755 curveto
-116.54706 -128.06866 -117.07051 -127.24518 -117.50351 -126.37303 curveto
-117.90451 -125.56532 -118.22589 -124.71967 -118.43822 -123.84314 curveto
-118.64133 -123.00465 -118.74292 -122.14433 -118.72758 -121.28168 curveto
-118.71214 -120.41275 -118.57819 -119.55025 -118.33656 -118.71547 curveto
-118.079 -117.82558 -117.70172 -116.97571 -117.23708 -116.17435 curveto
-116.71992 -115.28244 -116.09827 -114.45654 -115.40962 -113.68944 curveto
-114.62668 -112.81728 -113.76056 -112.02461 -112.84384 -111.29451 curveto
-111.79784 -110.46144 -110.6887 -109.71184 -109.54146 -109.02501 curveto
-108.24097 -108.24643 -106.89362 -107.54968 -105.51717 -106.91512 curveto
-103.97533 -106.2043 -102.39867 -105.57224 -100.79997 -105.00073 curveto
-99.03387 -104.36938 -97.24226 -103.81241 -95.43398 -103.31471 curveto
-93.46516 -102.77283 -91.47774 -102.30151 -89.478 -101.88823 curveto
-87.33209 -101.44475 -85.17296 -101.06827 -83.00516 -100.7485 curveto
-80.71216 -100.41028 -78.41028 -100.13564 -76.1028 -99.91718 curveto
-73.69566 -99.68927 -71.28317 -99.52258 -68.86783 -99.41154 curveto
-66.3827 -99.2973 -63.89525 -99.24199 -61.4075 -99.24199 curveto
-58.88214 -99.24199 -56.35713 -99.299 -53.83429 -99.41154 curveto
-51.3069 -99.52429 -48.7823 -99.69276 -46.26237 -99.91718 curveto
-43.7709 -100.13905 -41.2846 -100.41557 -38.80553 -100.7485 curveto
-36.38623 -101.07341 -33.97443 -101.45198 -31.57271 -101.88823 curveto
-29.25926 -102.30844 -26.9558 -102.78207 -24.6656 -103.31471 curveto
-22.48828 -103.8211 -20.32362 -104.3807 -18.17589 -105.00073 curveto
-16.16045 -105.58257 -14.16061 -106.21742 -12.18228 -106.91512 curveto
-10.35039 -107.56117 -8.5377 -108.26083 -6.75183 -109.02501 curveto
-5.11975 -109.72337 -3.51093 -110.47527 -1.93602 -111.29451 curveto
-0.51527 -112.03357 0.87682 -112.82693 2.22624 -113.68944 curveto
3.42902 -114.4582 4.5967 -115.28119 5.7103 -116.17435 curveto
6.69327 -116.96272 7.63268 -117.80472 8.50359 -118.71547 curveto
9.26898 -119.51587 9.97972 -120.3677 10.60527 -121.28168 curveto
11.15788 -122.0891 11.64198 -122.94226 12.02397 -123.84314 curveto
12.36856 -124.65579 12.62796 -125.50272 12.77571 -126.37303 curveto
12.91444 -127.19023 12.95352 -128.02148 12.8847 -128.84755 curveto closepath
 stroke
newpath 12.8847 -128.84755 moveto
12.95352 -128.02148 12.91444 -127.19023 12.77571 -126.37303 curveto
12.62794 -125.5027 12.36856 -124.65579 12.02397 -123.84314 curveto
11.64197 -122.94226 11.15788 -122.0891 10.60527 -121.28168 curveto
9.97972 -120.3677 9.26898 -119.51587 8.50359 -118.71547 curveto
7.63268 -117.80472 6.69327 -116.96272 5.7103 -116.17435 curveto
4.5967 -115.28119 3.42902 -114.4582 2.22624 -113.68944 curveto
0.87683 -112.82693 -0.51527 -112.03357 -1.93602 -111.29451 curveto
-3.51093 -110.47527 -5.11975 -109.72337 -6.75183 -109.02501 curveto
-8.5377 -108.26083 -10.35037 -107.56116 -12.18228 -106.91512 curveto
-14.16061 -106.21742 -16.16046 -105.58257 -18.17589 -105.00073 curveto
-20.32362 -104.3807 -22.48828 -103.82109 -24.6656 -103.31471 curveto
-26.9558 -102.78209 -29.25928 -102.30855 -31.57271 -101.88823 curveto
-33.97443 -101.45186 -36.38622 -101.07297 -38.80553 -100.74806 curveto
-41.28458 -100.41513 -43.77092 -100.13893 -46.26237 -99.91718 curveto
-48.78232 -99.69289 -51.3069 -99.52432 -53.83429 -99.41154 curveto
-56.35713 -99.29897 -58.88214 -99.24199 -61.4075 -99.24199 curveto
-63.89525 -99.24199 -66.3827 -99.29726 -68.86783 -99.41154 curveto
-71.28317 -99.52263 -73.69565 -99.6894 -76.1028 -99.91718 curveto
-78.41028 -100.13551 -80.71217 -100.40984 -83.00516 -100.74806 curveto
-85.17297 -101.06783 -87.33208 -101.44463 -89.478 -101.88823 curveto
-91.47772 -102.3016 -93.46516 -102.77286 -95.43398 -103.31471 curveto
-97.24226 -103.8124 -99.03387 -104.36938 -100.79997 -105.00073 curveto
-102.39865 -105.57224 -103.97533 -106.2043 -105.51717 -106.91512 curveto
-106.89362 -107.54968 -108.24097 -108.24643 -109.54146 -109.02501 curveto
-110.6887 -109.71184 -111.79785 -110.46144 -112.84384 -111.29451 curveto
-113.76056 -112.02461 -114.62668 -112.81728 -115.40962 -113.68944 curveto
-116.09827 -114.45654 -116.71992 -115.28244 -117.23708 -116.17435 curveto
-117.70172 -116.97571 -118.079 -117.82558 -118.33656 -118.71547 curveto
-118.57819 -119.55025 -118.71214 -120.41275 -118.72758 -121.28168 curveto
-118.74292 -122.14433 -118.64133 -123.00465 -118.43822 -123.84314 curveto
-118.2259 -124.71967 -117.90451 -125.56532 -117.50351 -126.37303 curveto
-117.0705 -127.24518 -116.54706 -128.06866 -115.96283 -128.84755 curveto
-115.32397 -129.69926 -114.61456 -130.49506 -113.859 -131.24507 curveto
-113.0328 -132.06519 -112.15305 -132.82906 -111.23741 -133.54787 curveto
-110.24281 -134.32866 -109.20714 -135.05534 -108.14351 -135.73909 curveto
-106.99883 -136.47495 -105.82272 -137.16049 -104.62442 -137.8053 curveto
-103.34691 -138.49272 -102.04494 -139.13347 -100.72514 -139.73569 curveto
-99.33118 -140.37175 -97.91794 -140.96457 -96.49022 -141.52075 curveto
-94.9954 -142.10306 -93.48524 -142.645 -91.96333 -143.15225 curveto
-90.38228 -143.67921 -88.78897 -144.16861 -87.186 -144.6246 curveto
-85.53242 -145.09499 -83.86893 -145.52971 -82.19762 -145.93257 curveto
-80.48485 -146.34541 -78.76418 -146.72472 -77.03706 -147.07274 curveto
-75.27744 -147.42732 -73.5114 -147.74936 -71.74028 -148.04117 curveto
-69.94574 -148.33684 -68.14621 -148.60143 -66.3427 -148.83617 curveto
-64.52469 -149.0728 -62.70287 -149.27908 -60.87808 -149.456 curveto
-59.04752 -149.63345 -57.21419 -149.78134 -55.37886 -149.89977 curveto
-53.54633 -150.01802 -51.712 -150.10689 -49.87662 -150.1662 curveto
-48.0528 -150.22513 -46.22813 -150.25487 -44.40335 -150.25487 curveto
-42.59818 -150.25487 -40.7931 -150.22578 -38.9889 -150.1662 curveto
-37.21269 -150.10754 -35.43759 -150.01932 -33.66444 -149.89977 curveto
-31.9275 -149.78265 -30.1927 -149.63547 -28.46107 -149.456 curveto
-26.77348 -149.28108 -25.08919 -149.07552 -23.40953 -148.83617 curveto
-21.78172 -148.6042 -20.15857 -148.34053 -18.54181 -148.04117 curveto
-16.98445 -147.7528 -15.43336 -147.43137 -13.89078 -147.0723 curveto
-12.41473 -146.72871 -10.94685 -146.35077 -9.49019 -145.93257 curveto
-8.10606 -145.53519 -6.73253 -145.1016 -5.37378 -144.6246 curveto
-4.09288 -144.17496 -2.82568 -143.68695 -1.57788 -143.15225 curveto
-0.41118 -142.65231 0.73788 -142.11182 1.86119 -141.52075 curveto
2.903 -140.97256 3.9218 -140.3813 4.90622 -139.73569 curveto
5.81232 -139.14143 6.68819 -138.50182 7.51828 -137.8053 curveto
8.2792 -137.16681 9.00027 -136.48161 9.66019 -135.73909 curveto
10.26651 -135.05687 10.81938 -134.32819 11.29298 -133.54787 curveto
11.73463 -132.82019 12.10518 -132.05096 12.37952 -131.24507 curveto
12.64369 -130.46902 12.81665 -129.66454 12.8847 -128.84755 curveto closepath
 stroke
newpath 12.8847 -128.84755 moveto
12.8179 -126.70935 12.65062 -124.57542 12.37952 -122.45341 curveto
12.11598 -120.39056 11.75465 -118.34134 11.29298 -116.31361 curveto
10.84373 -114.34045 10.3 -112.38995 9.66019 -110.47011 curveto
9.03673 -108.59937 8.32278 -106.75996 7.51828 -104.95964 curveto
6.73279 -103.20186 5.86191 -101.48344 4.90622 -99.81207 curveto
3.97067 -98.17593 2.955 -96.58691 1.86119 -95.05205 curveto
0.78767 -93.54564 -0.35977 -92.09329 -1.57788 -90.7012 curveto
-2.7774 -89.33032 -4.04398 -88.01958 -5.37378 -86.77467 curveto
-6.68753 -85.54482 -8.06136 -84.38077 -9.49019 -83.28673 curveto
-10.9065 -82.20229 -12.37512 -81.18794 -13.89078 -80.24733 curveto
-15.3984 -79.31169 -16.95076 -78.45012 -18.54181 -77.66467 curveto
-20.12968 -76.88078 -21.75426 -76.17361 -23.40953 -75.5444 curveto
-25.06654 -74.91452 -26.75243 -74.36346 -28.46107 -73.89127 curveto
-30.17644 -73.4172 -31.91286 -73.02313 -33.66444 -72.70828 curveto
-35.42764 -72.39134 -37.20438 -72.15501 -38.9889 -71.99763 curveto
-40.78934 -71.83885 -42.59595 -71.7606 -44.40335 -71.7606 curveto
-46.23033 -71.7606 -48.05641 -71.84058 -49.87662 -71.99763 curveto
-51.71991 -72.15668 -53.55551 -72.39464 -55.37886 -72.70828 curveto
-57.22752 -73.02628 -59.06198 -73.4218 -60.87808 -73.89127 curveto
-62.72134 -74.36775 -64.54414 -74.92003 -66.3427 -75.5444 curveto
-68.16956 -76.1786 -69.96988 -76.88669 -71.74028 -77.66467 curveto
-73.53929 -78.45523 -75.306 -79.31735 -77.03706 -80.24733 curveto
-78.79637 -81.19249 -80.51752 -82.20702 -82.19762 -83.28673 curveto
-83.90512 -84.38406 -85.56895 -85.54793 -87.186 -86.77467 curveto
-88.82883 -88.02098 -90.42212 -89.33124 -91.96333 -90.7012 curveto
-93.52818 -92.09218 -95.03821 -93.54366 -96.49022 -95.05205 curveto
-97.96364 -96.58267 -99.37619 -98.1707 -100.72514 -99.81207 curveto
-102.0924 -101.47574 -103.39326 -103.19289 -104.62442 -104.95964 curveto
-105.87096 -106.74847 -107.04506 -108.58672 -108.14351 -110.47011 curveto
-109.25436 -112.37477 -110.28696 -114.32404 -111.23741 -116.31361 curveto
-112.1971 -118.3225 -113.07222 -120.37071 -113.859 -122.45341 curveto
-114.6523 -124.55342 -115.35503 -126.68655 -115.96283 -128.84755 curveto
-116.5747 -131.02301 -117.08975 -133.22458 -117.50351 -135.44626 curveto
-117.91942 -137.67946 -118.23251 -139.93063 -118.43822 -142.1929 curveto
-118.6447 -144.46378 -118.74274 -146.74326 -118.72758 -149.02345 curveto
-118.7124 -151.30948 -118.58345 -153.5934 -118.33656 -155.86612 curveto
-118.08925 -158.14284 -117.72388 -160.40524 -117.23708 -162.64304 curveto
-116.7497 -164.8835 -116.14128 -167.096 -115.40962 -169.269 curveto
-114.67694 -171.44502 -113.82182 -173.57797 -112.84384 -175.65535 curveto
-111.864 -177.73666 -110.76253 -179.75859 -109.54146 -181.7082 curveto
-108.3165 -183.66403 -106.97345 -185.54346 -105.51717 -187.33372 curveto
-104.05362 -189.13292 -102.4786 -190.83852 -100.79997 -192.4389 curveto
-99.10933 -194.05074 -97.31708 -195.55254 -95.43398 -196.93465 curveto
-93.53288 -198.32996 -91.5432 -199.60036 -89.478 -200.73877 curveto
-87.38828 -201.8907 -85.22568 -202.90503 -83.00516 -203.77861 curveto
-80.7541 -204.6642 -78.44821 -205.40329 -76.1028 -205.99535 curveto
-73.72191 -206.59636 -71.30515 -207.04465 -68.86783 -207.34354 curveto
-66.3927 -207.64706 -63.90115 -207.79597 -61.4075 -207.79597 curveto
-58.87637 -207.79597 -56.34767 -207.6426 -53.83429 -207.34354 curveto
-51.28648 -207.04037 -48.75874 -206.58806 -46.26237 -205.99535 curveto
-43.73746 -205.39584 -41.24864 -204.65367 -38.80553 -203.77861 curveto
-36.34169 -202.89613 -33.92796 -201.87979 -31.57271 -200.73877 curveto
-29.20561 -199.59201 -26.90088 -198.3209 -24.6656 -196.93465 curveto
-22.42775 -195.54678 -20.26242 -194.0453 -18.17589 -192.4389 curveto
-16.09514 -190.83696 -14.09529 -189.13264 -12.18228 -187.33372 curveto
-10.28247 -185.54723 -8.47057 -183.66953 -6.75183 -181.7082 curveto
-5.0516 -179.768 -3.44447 -177.74814 -1.93602 -175.65535 curveto
-0.44942 -173.59286 0.93968 -171.46184 2.22624 -169.269 curveto
3.4897 -167.11554 4.65291 -164.9048 5.7103 -162.64304 curveto
6.74564 -160.42845 7.67844 -158.16731 8.50359 -155.86612 curveto
9.30939 -153.61888 10.01169 -151.33583 10.60527 -149.02345 curveto
11.18378 -146.76982 11.65842 -144.49072 12.02397 -142.1929 curveto
12.37968 -139.95697 12.63171 -137.70573 12.77571 -135.44626 curveto
12.91571 -133.24962 12.95343 -131.04759 12.8847 -128.84755 curveto closepath
 stroke
newpath 12.8847 -128.84755 moveto
12.95345 -131.04759 12.91571 -133.24962 12.77571 -135.44626 curveto
12.63171 -137.70573 12.37968 -139.95697 12.02397 -142.1929 curveto
11.65842 -144.49072 11.18378 -146.76982 10.60527 -149.02345 curveto
10.01169 -151.33583 9.30939 -153.61888 8.50359 -155.86612 curveto
7.67844 -158.16731 6.74564 -160.42845 5.7103 -162.64304 curveto
4.6529 -164.9048 3.48969 -167.11554 2.22624 -169.269 curveto
0.93968 -171.46184 -0.44942 -173.59286 -1.93602 -175.65535 curveto
-3.44447 -177.74814 -5.0516 -179.768 -6.75183 -181.7082 curveto
-8.47057 -183.66953 -10.28247 -185.54723 -12.18228 -187.33372 curveto
-14.09529 -189.13264 -16.09514 -190.83696 -18.17589 -192.4389 curveto
-20.26244 -194.0453 -22.42775 -195.54678 -24.6656 -196.93465 curveto
-26.90088 -198.3209 -29.20561 -199.59201 -31.57271 -200.73877 curveto
-33.92796 -201.87979 -36.34169 -202.89613 -38.80553 -203.77861 curveto
-41.24864 -204.65367 -43.73746 -205.39584 -46.26237 -205.99535 curveto
-48.75874 -206.58806 -51.28648 -207.04037 -53.83429 -207.34354 curveto
-56.34767 -207.6426 -58.87637 -207.79597 -61.4075 -207.79597 curveto
-63.90115 -207.79596 -66.3927 -207.64706 -68.86783 -207.34354 curveto
-71.30515 -207.04465 -73.72191 -206.59636 -76.1028 -205.99535 curveto
-78.44821 -205.40329 -80.7541 -204.6642 -83.00516 -203.77861 curveto
-85.22568 -202.90503 -87.38828 -201.8907 -89.478 -200.73877 curveto
-91.5432 -199.60036 -93.53288 -198.32996 -95.43398 -196.93465 curveto
-97.31708 -195.55254 -99.10933 -194.05075 -100.79997 -192.4389 curveto
-102.4786 -190.83852 -104.05362 -189.13292 -105.51717 -187.33372 curveto
-106.97345 -185.54346 -108.3165 -183.66405 -109.54146 -181.7082 curveto
-110.76253 -179.75859 -111.864 -177.73666 -112.84384 -175.65535 curveto
-113.82182 -173.57797 -114.67694 -171.44502 -115.40962 -169.269 curveto
-116.14128 -167.096 -116.7497 -164.8835 -117.23708 -162.64304 curveto
-117.72388 -160.40524 -118.08923 -158.14284 -118.33656 -155.86612 curveto
-118.58345 -153.5934 -118.7124 -151.30948 -118.72758 -149.02345 curveto
-118.74274 -146.74326 -118.6447 -144.46378 -118.43822 -142.1929 curveto
-118.23251 -139.93063 -117.91942 -137.67946 -117.50351 -135.44626 curveto
-117.08975 -133.22458 -116.5747 -131.02301 -115.96283 -128.84755 curveto
-115.35503 -126.68655 -114.6523 -124.55342 -113.859 -122.45341 curveto
-113.07224 -120.37071 -112.1971 -118.3225 -111.23741 -116.31361 curveto
-110.28696 -114.32404 -109.25436 -112.37477 -108.14351 -110.47011 curveto
-107.04506 -108.58672 -105.87096 -106.74847 -104.62442 -104.95964 curveto
-103.39326 -103.19289 -102.0924 -101.47574 -100.72514 -99.81207 curveto
-99.37619 -98.1707 -97.96362 -96.58267 -96.49022 -95.05205 curveto
-95.0382 -93.54366 -93.52818 -92.09218 -91.96333 -90.7012 curveto
-90.42212 -89.33124 -88.82883 -88.02098 -87.186 -86.77467 curveto
-85.56895 -85.54793 -83.90514 -84.38406 -82.19762 -83.28673 curveto
-80.51752 -82.207 -78.79637 -81.19249 -77.03706 -80.24733 curveto
-75.306 -79.31735 -73.53929 -78.45523 -71.74028 -77.66467 curveto
-69.96988 -76.88669 -68.16956 -76.1786 -66.3427 -75.5444 curveto
-64.54414 -74.92003 -62.72134 -74.36777 -60.87808 -73.89127 curveto
-59.06198 -73.4218 -57.22752 -73.02628 -55.37886 -72.70828 curveto
-53.55551 -72.39464 -51.71991 -72.15668 -49.87662 -71.99763 curveto
-48.05641 -71.84058 -46.23033 -71.7606 -44.40335 -71.7606 curveto
-42.59595 -71.7606 -40.78934 -71.83885 -38.9889 -71.99763 curveto
-37.20438 -72.15501 -35.42764 -72.39134 -33.66444 -72.70828 curveto
-31.91286 -73.02313 -30.17644 -73.4172 -28.46107 -73.89127 curveto
-26.75243 -74.36346 -25.06654 -74.91452 -23.40953 -75.5444 curveto
-21.75426 -76.17361 -20.12968 -76.8808 -18.54181 -77.66467 curveto
-16.95076 -78.45012 -15.3984 -79.31169 -13.89078 -80.24733 curveto
-12.37512 -81.18794 -10.9065 -82.20229 -9.49019 -83.28673 curveto
-8.06136 -84.38077 -6.68753 -85.54482 -5.37378 -86.77467 curveto
-4.04398 -88.01958 -2.7774 -89.33032 -1.57788 -90.7012 curveto
-0.35977 -92.09329 0.78767 -93.54564 1.86119 -95.05205 curveto
2.955 -96.58691 3.97067 -98.17593 4.90622 -99.81207 curveto
5.86191 -101.48344 6.73279 -103.20186 7.51828 -104.95964 curveto
8.32278 -106.75996 9.03673 -108.59937 9.66019 -110.47011 curveto
10.3 -112.38995 10.84373 -114.34045 11.29298 -116.31361 curveto
11.75465 -118.34134 12.11598 -120.39056 12.37952 -122.45341 curveto
12.65062 -124.57542 12.8179 -126.70935 12.8847 -128.84755 curveto closepath
 stroke
newpath 12.8847 -128.84755 moveto
12.84819 -130.42014 12.70923 -131.98868 12.46819 -133.54312 curveto
12.22867 -135.08768 11.88889 -136.61496 11.45259 -138.11584 curveto
11.01585 -139.61823 10.48334 -141.09102 9.86174 -142.52681 curveto
9.2354 -143.97353 8.51984 -145.37987 7.72374 -146.74055 curveto
6.91713 -148.1192 6.02928 -149.44856 5.06972 -150.72546 curveto
4.09372 -152.02422 3.04509 -153.26665 1.93385 -154.45174 curveto
0.80032 -155.6606 -0.39676 -156.8081 -1.64795 -157.8947 curveto
-2.9259 -159.00453 -4.25873 -160.04942 -5.63763 -161.03099 curveto
-7.04692 -162.0342 -8.50278 -162.97015 -9.99713 -163.84158 curveto
-11.52333 -164.73158 -13.08821 -165.55339 -14.6849 -166.30962 curveto
-16.31416 -167.08125 -17.97514 -167.78394 -19.66164 -168.4208 curveto
-21.3795 -169.06952 -23.1225 -169.64943 -24.88533 -170.16348 curveto
-26.67752 -170.6861 -28.4889 -171.14029 -30.31491 -171.52855 curveto
-32.16672 -171.9223 -34.03232 -172.24802 -35.90755 -172.50824 curveto
-37.80481 -172.77153 -39.71075 -172.96762 -41.62173 -173.09822 curveto
-43.55003 -173.23 -45.4823 -173.29501 -47.41508 -173.29501 curveto
-49.3601 -173.29501 -51.30457 -173.22919 -53.24518 -173.09822 curveto
-55.19244 -172.96681 -57.13472 -172.76988 -59.0688 -172.50824 curveto
-61.00415 -172.24641 -62.93019 -171.91994 -64.84355 -171.52855 curveto
-66.75267 -171.13802 -68.64806 -170.68307 -70.52615 -170.16348 curveto
-72.39459 -169.64656 -74.24483 -169.06596 -76.07295 -168.4208 curveto
-77.88686 -167.78069 -79.67787 -167.0774 -81.44154 -166.30962 curveto
-83.18639 -165.55003 -84.90332 -164.72781 -86.58739 -163.84158 curveto
-88.24936 -162.96698 -89.87816 -162.03064 -91.46808 -161.03099 curveto
-93.03334 -160.04684 -94.55974 -159.00209 -96.04039 -157.8947 curveto
-97.4949 -156.80685 -98.90402 -155.65952 -100.2606 -154.45174 curveto
-101.59117 -153.2671 -102.86995 -152.02544 -104.08809 -150.72546 curveto
-105.2817 -149.45168 -106.41577 -148.12328 -107.48131 -146.74055 curveto
-108.52509 -145.38608 -109.50183 -143.98112 -110.40132 -142.52681 curveto
-111.28323 -141.1009 -112.08966 -139.62956 -112.81053 -138.11584 curveto
-113.51886 -136.62848 -114.14348 -135.10255 -114.67474 -133.54312 curveto
-115.19862 -132.00539 -115.6308 -130.4378 -115.96283 -128.84755 curveto
-116.2919 -127.27148 -116.52196 -125.67628 -116.6471 -124.07109 curveto
-116.77191 -122.47011 -116.79207 -120.86264 -116.70506 -119.25916 curveto
-116.61765 -117.64809 -116.42224 -116.04471 -116.12027 -114.45978 curveto
-115.81445 -112.85461 -115.40005 -111.27211 -114.88237 -109.72226 curveto
-114.35414 -108.14084 -113.71959 -106.59705 -112.98787 -105.0989 curveto
-112.23634 -103.56021 -111.38396 -102.073 -110.44199 -100.64296 curveto
-109.46945 -99.16653 -108.40343 -97.75407 -107.25725 -96.40804 curveto
-106.06969 -95.0134 -104.79826 -93.69263 -103.45616 -92.44604 curveto
-102.06332 -91.15234 -100.59666 -89.94069 -99.06941 -88.80887 curveto
-97.48471 -87.63446 -95.83707 -86.5477 -94.13853 -85.54498 curveto
-92.37875 -84.50612 -90.56665 -83.5588 -88.71284 -82.69891 curveto
-86.79771 -81.81056 -84.84032 -81.01654 -82.85031 -80.31177 curveto
-80.80226 -79.58644 -78.7218 -78.95642 -76.61708 -78.41728 curveto
-74.46095 -77.86497 -72.28145 -77.40858 -70.08585 -77.04356 curveto
-67.84846 -76.6716 -65.59633 -76.39484 -63.33574 -76.2105 curveto
-61.04477 -76.02368 -58.74709 -75.93193 -56.44852 -75.93195 curveto
-54.13283 -75.93196 -51.81808 -76.02509 -49.50983 -76.2105 curveto
-47.19801 -76.3962 -44.89456 -76.67429 -42.60489 -77.04356 curveto
-40.32553 -77.41118 -38.06161 -77.86887 -35.81888 -78.41728 curveto
-33.59935 -78.96002 -31.40234 -79.5912 -29.23401 -80.31177 curveto
-27.10037 -81.0208 -24.99622 -81.8158 -22.92854 -82.69891 curveto
-20.90471 -83.5633 -18.91759 -84.51135 -16.97473 -85.54498 curveto
-15.08241 -86.55174 -13.23383 -87.63878 -11.4379 -88.80887 curveto
-9.69633 -89.94354 -8.00604 -91.1552 -6.37683 -92.44604 curveto
-4.8023 -93.69357 -3.28654 -95.01369 -1.84042 -96.40804 curveto
-0.4465 -97.75204 0.88106 -99.16342 2.13022 -100.64296 curveto
3.33282 -102.06738 4.46114 -103.55307 5.50311 -105.0989 curveto
6.50641 -106.58737 7.42813 -108.12938 8.25575 -109.72226 curveto
9.05392 -111.25845 9.7632 -112.83937 10.37256 -114.45978 curveto
10.96223 -116.02785 11.45726 -117.63004 11.84793 -119.25916 curveto
12.22794 -120.84384 12.50845 -122.45082 12.68272 -124.07109 curveto
12.85332 -125.65721 12.92174 -127.2527 12.8847 -128.84755 curveto closepath
 stroke
newpath 12.8847 -128.84755 moveto
12.92174 -127.2527 12.85332 -125.65721 12.68272 -124.07109 curveto
12.50845 -122.45082 12.22794 -120.84384 11.84793 -119.25916 curveto
11.45726 -117.63004 10.96223 -116.02785 10.37256 -114.45978 curveto
9.7632 -112.83937 9.05392 -111.25845 8.25575 -109.72226 curveto
7.42813 -108.1294 6.50641 -106.58737 5.50311 -105.0989 curveto
4.46114 -103.55307 3.33282 -102.06738 2.13022 -100.64296 curveto
0.88106 -99.16342 -0.4465 -97.75204 -1.84042 -96.40804 curveto
-3.28656 -95.01369 -4.8023 -93.69357 -6.37683 -92.44604 curveto
-8.00604 -91.1552 -9.69633 -89.94354 -11.4379 -88.80887 curveto
-13.23383 -87.63878 -15.08241 -86.55173 -16.97473 -85.54498 curveto
-18.91759 -84.51135 -20.90471 -83.5633 -22.92854 -82.69891 curveto
-24.99622 -81.8158 -27.10037 -81.0208 -29.23401 -80.31177 curveto
-31.40234 -79.5912 -33.59935 -78.96002 -35.81888 -78.41728 curveto
-38.06161 -77.86887 -40.32553 -77.41118 -42.60489 -77.04356 curveto
-44.89456 -76.67429 -47.19801 -76.3962 -49.50983 -76.2105 curveto
-51.81808 -76.02509 -54.13283 -75.93196 -56.44852 -75.93195 curveto
-58.74709 -75.93193 -61.04477 -76.02368 -63.33574 -76.2105 curveto
-65.59633 -76.39484 -67.84846 -76.6716 -70.08585 -77.04356 curveto
-72.28145 -77.40858 -74.46095 -77.86497 -76.61708 -78.41728 curveto
-78.7218 -78.95642 -80.80226 -79.58644 -82.85031 -80.31177 curveto
-84.84032 -81.01654 -86.79771 -81.81056 -88.71284 -82.69891 curveto
-90.56665 -83.5588 -92.37875 -84.50612 -94.13853 -85.54498 curveto
-95.83707 -86.5477 -97.48471 -87.63446 -99.06941 -88.80887 curveto
-100.59666 -89.94069 -102.06332 -91.15234 -103.45616 -92.44604 curveto
-104.79826 -93.69263 -106.06969 -95.0134 -107.25725 -96.40804 curveto
-108.40343 -97.75407 -109.46945 -99.16655 -110.44199 -100.64296 curveto
-111.38396 -102.073 -112.23634 -103.56021 -112.98787 -105.0989 curveto
-113.71959 -106.59705 -114.35414 -108.14084 -114.88237 -109.72226 curveto
-115.40005 -111.27211 -115.81445 -112.85461 -116.12027 -114.45978 curveto
-116.42224 -116.04471 -116.61765 -117.64809 -116.70506 -119.25916 curveto
-116.79207 -120.86264 -116.77191 -122.47011 -116.6471 -124.07109 curveto
-116.52196 -125.67628 -116.2919 -127.27148 -115.96283 -128.84755 curveto
-115.6308 -130.4378 -115.19862 -132.00539 -114.67474 -133.54312 curveto
-114.14348 -135.10255 -113.51886 -136.62848 -112.81053 -138.11584 curveto
-112.08966 -139.62956 -111.28323 -141.1009 -110.40132 -142.52681 curveto
-109.50183 -143.98112 -108.52509 -145.38608 -107.48131 -146.74055 curveto
-106.41577 -148.12328 -105.2817 -149.45168 -104.08809 -150.72546 curveto
-102.86995 -152.02544 -101.59117 -153.2671 -100.2606 -154.45174 curveto
-98.90402 -155.65952 -97.4949 -156.80685 -96.04039 -157.8947 curveto
-94.55974 -159.00209 -93.03334 -160.04684 -91.46808 -161.03099 curveto
-89.87816 -162.03064 -88.24936 -162.96698 -86.58739 -163.84158 curveto
-84.90332 -164.72781 -83.18639 -165.55002 -81.44154 -166.30962 curveto
-79.67787 -167.07741 -77.88686 -167.7807 -76.07295 -168.4208 curveto
-74.24469 -169.06598 -72.39429 -169.64655 -70.52573 -170.16348 curveto
-68.64775 -170.68303 -66.75253 -171.13802 -64.84355 -171.52855 curveto
-62.9302 -171.91997 -61.00415 -172.24643 -59.0688 -172.50824 curveto
-57.13472 -172.76987 -55.19244 -172.96681 -53.24518 -173.09822 curveto
-51.30457 -173.22919 -49.3601 -173.29501 -47.41508 -173.29501 curveto
-45.4823 -173.29501 -43.55003 -173.23001 -41.62173 -173.09822 curveto
-39.71075 -172.96762 -37.80481 -172.77153 -35.90755 -172.50824 curveto
-34.03232 -172.24802 -32.16672 -171.9223 -30.31491 -171.52855 curveto
-28.4889 -171.14029 -26.67752 -170.6861 -24.88533 -170.16348 curveto
-23.1225 -169.64943 -21.37949 -169.06953 -19.66164 -168.4208 curveto
-17.97514 -167.78392 -16.3142 -167.0812 -14.6849 -166.30962 curveto
-13.08806 -165.55339 -11.523 -164.73166 -9.99669 -163.84158 curveto
-8.50246 -162.97021 -7.04678 -162.03416 -5.63763 -161.03099 curveto
-4.25876 -160.04938 -2.92592 -159.00452 -1.64795 -157.8947 curveto
-0.39674 -156.80812 0.80032 -155.6606 1.93385 -154.45174 curveto
3.04509 -153.26665 4.09372 -152.02422 5.06972 -150.72546 curveto
6.02928 -149.44856 6.91713 -148.1192 7.72374 -146.74055 curveto
8.51984 -145.37987 9.2354 -143.97353 9.86174 -142.52681 curveto
10.48334 -141.09102 11.01585 -139.61823 11.45259 -138.11584 curveto
11.88889 -136.61496 12.22867 -135.08768 12.46819 -133.54312 curveto
12.70923 -131.98868 12.84819 -130.42014 12.8847 -128.84755 curveto closepath
 stroke
newpath 12.8847 -128.84755 moveto
12.84828 -126.55121 12.71013 -124.25758 12.46819 -121.97374 curveto
12.23032 -119.72833 11.89236 -117.4946 11.45259 -115.27986 curveto
11.02058 -113.10425 10.49077 -110.94917 9.86174 -108.82216 curveto
9.24428 -106.73425 8.53188 -104.67558 7.72374 -102.65381 curveto
6.93044 -100.66913 6.04576 -98.72217 5.06972 -96.82068 curveto
4.11131 -94.95357 3.06589 -93.13239 1.93385 -91.36514 curveto
0.82156 -89.62875 -0.37305 -87.94646 -1.64795 -86.3257 curveto
-2.9023 -84.73106 -4.23291 -83.19785 -5.63763 -81.73393 curveto
-7.02193 -80.29132 -8.47647 -78.91777 -9.99713 -77.61969 curveto
-11.49857 -76.33803 -13.06259 -75.1315 -14.6849 -74.00674 curveto
-16.29071 -72.89342 -17.95152 -71.86163 -19.66164 -70.9163 curveto
-21.35864 -69.97823 -23.10199 -69.1265 -24.88533 -68.36522 curveto
-26.66017 -67.60757 -28.47232 -66.94049 -30.31491 -66.36693 curveto
-32.15366 -65.79456 -34.02032 -65.31606 -35.90755 -64.93265 curveto
-37.79654 -64.54889 -39.70374 -64.2609 -41.62173 -64.06888 curveto
-43.54683 -63.87616 -45.48038 -63.7804 -47.41508 -63.78038 curveto
-49.36201 -63.78038 -51.3077 -63.87735 -53.24518 -64.06888 curveto
-55.19925 -64.26205 -57.14262 -64.55118 -59.0688 -64.93265 curveto
-61.01552 -65.31819 -62.94244 -65.7976 -64.84355 -66.36693 curveto
-66.76813 -66.94327 -68.66406 -67.61108 -70.52615 -68.36522 curveto
-72.41344 -69.12956 -74.2639 -69.98175 -76.07295 -70.9163 curveto
-77.90842 -71.8645 -79.69933 -72.89648 -81.44154 -74.00674 curveto
-83.20988 -75.13365 -84.92624 -76.34006 -86.58739 -77.61969 curveto
-88.27385 -78.91882 -89.9018 -80.29219 -91.46808 -81.73393 curveto
-93.05804 -83.19748 -94.58298 -84.7301 -96.04039 -86.3257 curveto
-97.51874 -87.94423 -98.92621 -89.62604 -100.2606 -91.36514 curveto
-101.61348 -93.12836 -102.89 -94.94884 -104.08809 -96.82068 curveto
-105.30127 -98.71611 -106.43295 -100.66248 -107.48131 -102.65381 curveto
-108.54153 -104.66766 -109.5156 -106.7257 -110.40132 -108.82216 curveto
-111.29587 -110.93948 -112.09949 -113.09407 -112.81053 -115.27986 curveto
-113.52737 -117.48346 -114.14948 -119.71678 -114.67474 -121.97374 curveto
-115.20341 -124.24529 -115.6335 -126.53867 -115.96283 -128.84755 curveto
-116.29366 -131.16698 -116.52249 -133.49983 -116.6471 -135.83943 curveto
-116.77203 -138.18546 -116.79207 -140.53592 -116.70506 -142.88365 curveto
-116.61798 -145.23355 -116.42377 -147.5783 -116.12027 -149.91014 curveto
-115.81705 -152.23994 -115.40506 -154.55435 -114.88237 -156.84494 curveto
-114.36089 -159.13025 -113.72977 -161.38922 -112.98787 -163.61278 curveto
-112.24866 -165.82826 -111.40034 -168.0059 -110.44199 -170.1358 curveto
-109.488 -172.25598 -108.42621 -174.32605 -107.25725 -176.33572 curveto
-106.09421 -178.3352 -104.82669 -180.27214 -103.45616 -182.13554 curveto
-102.09262 -183.98946 -100.62915 -185.76782 -99.06941 -187.46002 curveto
-97.517 -189.14427 -95.87163 -190.74051 -94.13853 -192.2382 curveto
-92.41182 -193.7304 -90.60086 -195.12231 -88.71284 -196.40436 curveto
-86.82904 -197.68353 -84.8718 -198.8511 -82.85031 -199.89923 curveto
-80.82962 -200.94695 -78.74832 -201.87343 -76.61708 -202.67262 curveto
-74.48227 -203.47316 -72.30121 -204.1445 -70.08585 -204.68347 curveto
-67.86223 -205.22444 -65.60808 -205.63106 -63.33574 -205.90234 curveto
-61.05017 -206.1752 -58.75032 -206.31067 -56.44852 -206.31065 curveto
-54.12962 -206.31064 -51.81284 -206.17316 -49.50983 -205.90234 curveto
-47.18668 -205.62917 -44.8815 -205.22076 -42.60489 -204.68347 curveto
-40.30695 -204.14114 -38.04181 -203.46837 -35.81888 -202.67262 curveto
-33.57484 -201.86932 -31.37727 -200.94196 -29.23401 -199.89923 curveto
-27.07158 -198.84718 -24.96756 -197.67923 -22.92854 -196.40436 curveto
-20.87335 -195.11937 -18.88702 -193.72752 -16.97473 -192.2382 curveto
-15.05019 -190.73933 -13.20308 -189.14366 -11.4379 -187.46002 curveto
-9.66492 -185.76894 -7.97676 -183.99118 -6.37683 -182.13554 curveto
-4.77321 -180.27562 -3.26007 -178.3396 -1.84042 -176.33572 curveto
-0.42096 -174.33212 0.90349 -172.2629 2.13022 -170.1358 curveto
3.35376 -168.01424 4.47878 -165.83737 5.50311 -163.61278 curveto
6.52225 -161.39949 7.44067 -159.14122 8.25575 -156.84494 curveto
9.06464 -154.56613 9.77092 -152.2522 10.37256 -149.91014 curveto
10.9683 -147.59102 11.46088 -145.2466 11.84793 -142.88365 curveto
12.23033 -140.54909 12.50937 -138.19875 12.68272 -135.83943 curveto
12.85367 -133.51294 12.92169 -131.18002 12.8847 -128.84755 curveto closepath
 stroke
newpath 12.8847 -128.84755 moveto
12.92169 -131.18002 12.85367 -133.51294 12.68272 -135.83943 curveto
12.50935 -138.19875 12.23033 -140.54909 11.84793 -142.88365 curveto
11.46088 -145.2466 10.9683 -147.59102 10.37256 -149.91014 curveto
9.77092 -152.2522 9.06464 -154.56613 8.25575 -156.84494 curveto
7.44067 -159.14122 6.52225 -161.39949 5.50311 -163.61278 curveto
4.47878 -165.83737 3.35376 -168.01424 2.13022 -170.1358 curveto
0.90349 -172.26288 -0.42096 -174.33212 -1.84042 -176.33572 curveto
-3.26007 -178.3396 -4.77321 -180.27562 -6.37683 -182.13554 curveto
-7.97676 -183.99118 -9.66492 -185.76894 -11.4379 -187.46002 curveto
-13.20308 -189.14366 -15.05019 -190.73933 -16.97473 -192.2382 curveto
-18.88702 -193.72752 -20.87335 -195.11937 -22.92854 -196.40436 curveto
-24.96756 -197.67923 -27.07158 -198.84718 -29.23401 -199.89923 curveto
-31.37727 -200.94196 -33.57484 -201.86932 -35.81888 -202.67262 curveto
-38.04181 -203.46837 -40.30693 -204.14114 -42.60489 -204.68347 curveto
-44.8815 -205.22076 -47.18668 -205.62915 -49.50983 -205.90234 curveto
-51.81284 -206.17316 -54.12962 -206.31064 -56.44852 -206.31065 curveto
-58.75032 -206.31067 -61.05017 -206.1752 -63.33574 -205.90234 curveto
-65.60808 -205.63106 -67.86223 -205.22444 -70.08585 -204.68347 curveto
-72.30121 -204.14452 -74.48227 -203.47316 -76.61708 -202.67262 curveto
-78.74832 -201.87343 -80.82962 -200.94695 -82.85031 -199.89923 curveto
-84.8718 -198.8511 -86.82904 -197.68353 -88.71284 -196.40436 curveto
-90.60086 -195.12231 -92.41182 -193.7304 -94.13853 -192.2382 curveto
-95.87163 -190.74051 -97.51698 -189.14427 -99.06941 -187.46002 curveto
-100.62915 -185.76784 -102.09262 -183.98946 -103.45616 -182.13554 curveto
-104.82669 -180.27214 -106.09421 -178.3352 -107.25725 -176.33572 curveto
-108.42621 -174.32605 -109.488 -172.25598 -110.44199 -170.1358 curveto
-111.40034 -168.00592 -112.24866 -165.82826 -112.98787 -163.61278 curveto
-113.72977 -161.38922 -114.36087 -159.13025 -114.88237 -156.84494 curveto
-115.40506 -154.55435 -115.81705 -152.23994 -116.12027 -149.91014 curveto
-116.42377 -147.5783 -116.61798 -145.23355 -116.70506 -142.88365 curveto
-116.79207 -140.53592 -116.77203 -138.18546 -116.6471 -135.83943 curveto
-116.52249 -133.49983 -116.29366 -131.16698 -115.96283 -128.84755 curveto
-115.6335 -126.53867 -115.20341 -124.24529 -114.67474 -121.97374 curveto
-114.14948 -119.71678 -113.52737 -117.48346 -112.81053 -115.27986 curveto
-112.09949 -113.09407 -111.29587 -110.93948 -110.40132 -108.82216 curveto
-109.5156 -106.7257 -108.54152 -104.66766 -107.48131 -102.65381 curveto
-106.43295 -100.66248 -105.30128 -98.7161 -104.08809 -96.82068 curveto
-102.88998 -94.94885 -101.61342 -93.1284 -100.2606 -91.36514 curveto
-98.92622 -89.6259 -97.51883 -87.94386 -96.04039 -86.32527 curveto
-94.58304 -84.72977 -93.05798 -83.1974 -91.46808 -81.73393 curveto
-89.90187 -80.29225 -88.27419 -78.91878 -86.58781 -77.61969 curveto
-84.92659 -76.33997 -83.21 -75.13367 -81.44154 -74.00674 curveto
-79.6993 -72.89653 -77.90843 -71.86447 -76.07295 -70.9163 curveto
-74.26378 -69.98172 -72.41313 -69.1296 -70.52573 -68.36522 curveto
-68.66376 -67.61115 -66.76799 -66.94327 -64.84355 -66.36693 curveto
-62.94244 -65.79756 -61.01552 -65.31818 -59.0688 -64.93265 curveto
-57.14261 -64.5512 -55.19925 -64.26205 -53.24518 -64.06888 curveto
-51.3077 -63.87733 -49.36201 -63.78036 -47.41508 -63.78038 curveto
-45.48038 -63.7804 -43.54683 -63.87616 -41.62173 -64.06888 curveto
-39.70374 -64.2609 -37.79654 -64.54889 -35.90755 -64.93265 curveto
-34.02032 -65.31606 -32.15367 -65.79456 -30.31491 -66.36693 curveto
-28.47232 -66.94049 -26.66017 -67.60757 -24.88533 -68.36522 curveto
-23.10199 -69.1265 -21.35864 -69.9782 -19.66164 -70.9163 curveto
-17.95155 -71.86165 -16.29074 -72.8935 -14.6849 -74.00674 curveto
-13.06245 -75.13152 -11.49821 -76.33794 -9.99669 -77.61969 curveto
-8.47612 -78.91771 -7.02179 -80.29134 -5.63763 -81.73393 curveto
-4.23297 -83.1979 -2.90231 -84.73108 -1.64795 -86.3257 curveto
-0.37303 -87.94646 0.82158 -89.62874 1.93385 -91.36514 curveto
3.06589 -93.13239 4.11131 -94.95357 5.06972 -96.82068 curveto
6.04576 -98.72215 6.93047 -100.66911 7.72374 -102.65381 curveto
8.53189 -104.67572 9.24426 -106.73454 9.86174 -108.82259 curveto
10.49072 -110.94948 11.02058 -113.1044 11.45259 -115.27986 curveto
11.8924 -117.4946 12.23032 -119.72833 12.46819 -121.97374 curveto
12.71011 -124.2576 12.84828 -126.55121 12.8847 -128.84755 curveto closepath
 stroke
newpath 12.8847 -128.84755 moveto
12.8847 -130.9562 12.78128 -133.06358 12.57458 -135.16208 curveto
12.36789 -137.26067 12.05815 -139.34784 11.6468 -141.41608 curveto
11.23547 -143.48427 10.72302 -145.53105 10.11089 -147.54895 curveto
9.49875 -149.56682 8.78767 -151.55333 7.98065 -153.50146 curveto
7.17366 -155.44952 6.2717 -157.35689 5.27776 -159.21652 curveto
4.28372 -161.07634 3.19888 -162.8862 2.02728 -164.6396 curveto
0.85577 -166.39285 -0.40108 -168.08755 -1.73878 -169.71754 curveto
-3.0765 -171.34753 -4.49347 -172.91084 -5.98451 -174.40187 curveto
-7.47556 -175.8929 -9.03888 -177.30986 -10.66885 -178.64761 curveto
-12.29897 -179.98549 -13.99376 -181.24252 -15.74721 -182.4141 curveto
-17.50049 -183.58554 -19.31026 -184.67012 -21.16988 -185.66415 curveto
-23.02953 -186.6582 -24.9368 -187.56049 -26.88492 -188.36748 curveto
-28.83315 -189.17451 -30.81989 -189.88525 -32.83788 -190.49727 curveto
-34.8558 -191.10927 -36.90257 -191.62181 -38.97075 -192.03319 curveto
-41.03883 -192.44455 -43.12585 -192.75427 -45.2243 -192.96097 curveto
-47.3228 -193.16766 -49.43019 -193.27109 -51.53885 -193.2711 curveto
-53.64764 -193.2711 -55.75517 -193.16768 -57.85382 -192.96097 curveto
-59.95227 -192.75427 -62.03929 -192.44455 -64.10738 -192.03319 curveto
-66.17555 -191.62181 -68.22232 -191.1093 -70.24025 -190.49727 curveto
-72.2581 -189.88524 -74.24466 -189.17445 -76.19276 -188.36748 curveto
-78.14102 -187.56044 -80.04845 -186.6582 -81.90825 -185.66415 curveto
-83.7679 -184.67018 -85.57768 -183.58562 -87.3309 -182.4141 curveto
-89.08421 -181.24251 -90.77881 -179.9854 -92.40884 -178.64761 curveto
-94.03891 -177.3098 -95.60243 -175.89293 -97.0936 -174.40187 curveto
-98.58469 -172.91089 -100.00163 -171.34755 -101.33934 -169.71754 curveto
-102.67705 -168.08755 -103.9339 -166.39287 -105.10541 -164.6396 curveto
-106.27701 -162.8862 -107.36182 -161.07634 -108.35588 -159.21652 curveto
-109.34985 -157.35689 -110.25188 -155.44957 -111.05878 -153.50146 curveto
-111.86568 -151.55333 -112.57645 -149.56677 -113.18857 -147.54895 curveto
-113.80072 -145.53102 -114.31348 -143.48428 -114.72493 -141.41608 curveto
-115.13638 -139.34785 -115.44603 -137.26068 -115.65271 -135.16208 curveto
-115.85938 -133.06358 -115.96283 -130.9562 -115.96283 -128.84755 curveto
-115.96283 -126.73889 -115.85938 -124.6315 -115.65271 -122.533 curveto
-115.44603 -120.4344 -115.13638 -118.34723 -114.72493 -116.279 curveto
-114.31348 -114.2108 -113.80074 -112.16405 -113.18857 -110.14613 curveto
-112.57643 -108.12831 -111.86562 -106.14177 -111.05878 -104.19362 curveto
-110.25189 -102.24538 -109.34991 -100.33788 -108.35588 -98.47813 curveto
-107.36186 -96.61844 -106.27698 -94.80875 -105.10541 -93.05548 curveto
-103.93385 -91.30226 -102.67703 -89.60754 -101.33934 -87.97754 curveto
-100.00163 -86.34752 -98.5847 -84.7842 -97.0936 -83.29321 curveto
-95.60243 -81.80217 -94.0389 -80.3853 -92.40884 -79.04749 curveto
-90.77881 -77.7097 -89.08421 -76.45258 -87.3309 -75.28099 curveto
-85.57768 -74.10947 -83.76788 -73.0249 -81.90825 -72.03093 curveto
-80.04846 -71.03687 -78.14104 -70.13461 -76.19276 -69.3276 curveto
-74.24464 -68.52066 -72.25807 -67.80995 -70.24025 -67.19781 curveto
-68.22234 -66.58565 -66.1756 -66.07281 -64.10738 -65.66147 curveto
-62.03929 -65.25015 -59.95226 -64.94083 -57.85382 -64.73412 curveto
-55.75517 -64.52739 -53.64766 -64.42354 -51.53885 -64.42355 curveto
-49.43018 -64.42357 -47.32281 -64.52742 -45.2243 -64.73412 curveto
-43.12573 -64.94081 -41.03853 -65.25009 -38.97032 -65.66147 curveto
-36.90224 -66.0728 -34.85567 -66.58571 -32.83788 -67.19781 curveto
-30.81992 -67.80997 -28.83316 -68.52061 -26.88492 -69.3276 curveto
-24.93678 -70.13457 -23.02953 -71.03688 -21.16988 -72.03093 curveto
-19.31026 -73.02496 -17.50047 -74.10954 -15.74721 -75.28099 curveto
-13.99376 -76.45256 -12.29897 -77.70961 -10.66885 -79.04749 curveto
-9.0389 -80.38524 -7.47556 -81.80219 -5.98451 -83.29321 curveto
-4.49347 -84.78424 -3.0765 -86.34755 -1.73878 -87.97754 curveto
-0.40108 -89.60753 0.85577 -91.30223 2.02728 -93.05548 curveto
3.19888 -94.80888 4.2837 -96.61876 5.27776 -98.47858 curveto
6.2717 -100.33821 7.17366 -102.24556 7.98065 -104.19362 curveto
8.78767 -106.14175 9.49875 -108.12827 10.11089 -110.14613 curveto
10.72302 -112.16403 11.23547 -114.21082 11.6468 -116.279 curveto
12.05815 -118.34724 12.36789 -120.43442 12.57458 -122.533 curveto
12.78128 -124.6315 12.8847 -126.73889 12.8847 -128.84755 curveto closepath
 stroke
newpath 12.8847 -128.84755 moveto
12.8847 -126.73889 12.78128 -124.6315 12.57458 -122.533 curveto
12.36787 -120.43442 12.05815 -118.34724 11.6468 -116.279 curveto
11.23547 -114.21082 10.72304 -112.16402 10.11089 -110.14613 curveto
9.49873 -108.12827 8.78763 -106.14177 7.98065 -104.19362 curveto
7.17366 -102.24542 6.27177 -100.33788 5.27776 -98.47813 curveto
4.28377 -96.61842 3.19887 -94.80875 2.02728 -93.05548 curveto
0.85573 -91.30226 -0.40108 -89.60753 -1.73878 -87.97754 curveto
-3.07649 -86.34753 -4.49347 -84.78424 -5.98451 -83.29321 curveto
-7.47556 -81.80219 -9.0389 -80.38524 -10.66885 -79.04749 curveto
-12.29897 -77.70961 -13.99376 -76.45256 -15.74721 -75.28099 curveto
-17.50047 -74.10954 -19.31026 -73.02496 -21.16988 -72.03093 curveto
-23.02953 -71.03688 -24.93678 -70.13457 -26.88492 -69.3276 curveto
-28.83316 -68.5206 -30.81992 -67.80995 -32.83788 -67.19781 curveto
-34.8558 -66.5857 -36.90253 -66.07283 -38.97075 -65.66147 curveto
-41.03882 -65.25014 -43.12589 -64.94081 -45.2243 -64.73412 curveto
-47.3228 -64.5274 -49.43019 -64.42355 -51.53885 -64.42355 curveto
-53.64766 -64.42354 -55.75517 -64.52739 -57.85382 -64.73412 curveto
-59.95224 -64.94083 -62.03929 -65.25015 -64.10738 -65.66147 curveto
-66.1756 -66.07281 -68.22234 -66.58565 -70.24025 -67.19781 curveto
-72.25807 -67.80995 -74.24464 -68.52066 -76.19276 -69.3276 curveto
-78.14104 -70.13461 -80.04846 -71.03687 -81.90825 -72.03093 curveto
-83.76788 -73.0249 -85.57768 -74.10947 -87.3309 -75.28099 curveto
-89.08421 -76.45258 -90.77881 -77.7097 -92.40884 -79.04749 curveto
-94.0389 -80.3853 -95.60243 -81.80217 -97.0936 -83.29321 curveto
-98.5847 -84.7842 -100.00163 -86.34752 -101.33934 -87.97754 curveto
-102.67703 -89.60754 -103.93385 -91.30226 -105.10541 -93.05548 curveto
-106.27698 -94.80876 -107.36186 -96.61844 -108.35588 -98.47813 curveto
-109.34991 -100.33788 -110.25189 -102.24538 -111.05878 -104.19362 curveto
-111.86562 -106.14177 -112.57643 -108.12831 -113.18857 -110.14613 curveto
-113.80074 -112.16405 -114.31348 -114.2108 -114.72493 -116.279 curveto
-115.13638 -118.34723 -115.44603 -120.4344 -115.65271 -122.533 curveto
-115.85938 -124.6315 -115.96283 -126.73889 -115.96283 -128.84755 curveto
-115.96283 -130.9562 -115.85938 -133.06358 -115.65271 -135.16208 curveto
-115.44603 -137.26068 -115.13638 -139.34785 -114.72493 -141.41608 curveto
-114.31348 -143.48428 -113.80072 -145.53102 -113.18857 -147.54895 curveto
-112.57645 -149.56677 -111.86568 -151.55333 -111.05878 -153.50146 curveto
-110.25189 -155.44957 -109.34985 -157.35689 -108.35588 -159.21652 curveto
-107.36182 -161.07634 -106.27701 -162.8862 -105.10541 -164.6396 curveto
-103.9339 -166.39287 -102.67705 -168.08755 -101.33934 -169.71754 curveto
-100.00163 -171.34755 -98.5847 -172.91089 -97.0936 -174.40187 curveto
-95.60243 -175.89291 -94.0389 -177.3098 -92.40884 -178.64761 curveto
-90.77881 -179.9854 -89.08421 -181.24251 -87.3309 -182.4141 curveto
-85.57768 -183.58562 -83.7679 -184.67018 -81.90825 -185.66415 curveto
-80.04845 -186.6582 -78.14102 -187.56044 -76.19276 -188.36748 curveto
-74.24466 -189.17445 -72.2581 -189.88524 -70.24025 -190.49727 curveto
-68.22232 -191.10931 -66.17557 -191.62181 -64.10738 -192.03319 curveto
-62.03929 -192.44455 -59.95227 -192.75427 -57.85382 -192.96097 curveto
-55.75517 -193.16768 -53.64764 -193.27112 -51.53885 -193.2711 curveto
-49.43019 -193.27109 -47.3228 -193.16765 -45.2243 -192.96097 curveto
-43.12572 -192.75427 -41.03854 -192.4446 -38.97032 -192.03319 curveto
-36.90228 -191.62183 -34.85567 -191.10925 -32.83788 -190.49727 curveto
-30.81989 -189.88522 -28.83316 -189.17448 -26.88492 -188.36748 curveto
-24.93678 -187.56052 -23.02948 -186.65828 -21.16988 -185.66415 curveto
-19.31024 -184.67 -17.50053 -183.58516 -15.74721 -182.41367 curveto
-13.99384 -181.24214 -12.29895 -179.98535 -10.66885 -178.64761 curveto
-9.03882 -177.30994 -7.47554 -175.89293 -5.98451 -174.40187 curveto
-4.49348 -172.91083 -3.0765 -171.34753 -1.73878 -169.71754 curveto
-0.40106 -168.08757 0.85577 -166.39287 2.02728 -164.6396 curveto
3.19888 -162.8862 4.2837 -161.07634 5.27776 -159.21652 curveto
6.27171 -157.35689 7.17369 -155.44954 7.98065 -153.50146 curveto
8.7877 -151.55319 9.49872 -149.56653 10.11089 -147.54852 curveto
10.72298 -145.53076 11.23546 -143.48412 11.6468 -141.41608 curveto
12.05818 -139.34784 12.36789 -137.26067 12.57458 -135.16208 curveto
12.78127 -133.06358 12.8847 -130.9562 12.8847 -128.84755 curveto closepath
 stroke
 0.75294 setgray
newpath -155.90549 -141.73225 moveto
42.51968 -141.73225 lineto stroke
newpath 38.82454 -143.26286 moveto
42.51968 -141.73225 lineto
38.82454 -140.20164 lineto
 closepath
gsave fill grestore stroke
 0.5 0 dtransform exch truncate exch idtransform pop setlinewidth
newpath -56.6929 -240.94484 moveto
-56.6929 -42.51968 lineto stroke
 0 0.5 dtransform truncate idtransform setlinewidth pop
newpath -55.1623 -46.21483 moveto
-56.6929 -42.51968 lineto
-58.22351 -46.21483 lineto
 closepath
gsave fill grestore stroke
 0 setgray
-54.30626 -136.13705 moveto
(p) cmr10 9.96265 fshow
 0 3 dtransform truncate idtransform setlinewidth pop
newpath -51.53885 -128.84755 moveto 0 0 rlineto stroke
39.89063 -149.02176 moveto
(x) cmr10 9.96265 fshow
-64.951 -43.69585 moveto
(y) cmr10 9.96265 fshow
-44.20848 -114.3759 moveto
(z) cmr10 9.96265 fshow
 0 0.70866 dtransform truncate idtransform setlinewidth pop
newpath -177.41533 -262.45468 moveto
66.40858 -262.45468 lineto
66.40858 -18.14648 lineto
-177.41533 -18.14648 lineto
 closepath stroke
showpage
%%EOF
