%!PS
%%BoundingBox: -44 -65 44 65 
%%Creator: MetaPost
%%CreationDate: 2003.02.25:1619
%%Pages: 1
%%EndProlog
%%Page: 1 1
 0.75294 setgray
newpath -21.25984 -42.51968 moveto
21.25984 -42.51968 lineto
21.25984 42.51968 lineto
-21.25984 42.51968 lineto
 closepath fill
 0 setgray 0 0.5 dtransform truncate idtransform setlinewidth pop [] 0 setdash
 1 setlinejoin 10 setmiterlimit
newpath -21.25984 -42.51968 moveto
21.25984 -42.51968 lineto
21.25984 42.51968 lineto
-21.25984 42.51968 lineto
 closepath stroke
 1 setgray
newpath 21.25984 0 moveto
21.25984 5.46468 20.75175 10.92032 19.64174 16.27144 curveto
18.65317 21.03712 17.18947 25.70113 15.0331 30.06577 curveto
13.31409 33.54518 11.1463 36.82861 8.13594 39.28304 curveto
5.80515 41.1834 3.00612 42.51968 0 42.51968 curveto
-3.00612 42.51968 -5.80515 41.1834 -8.13594 39.28304 curveto
-11.1463 36.8286 -13.31409 33.54517 -15.0331 30.06577 curveto
-17.18947 25.70113 -18.65317 21.03712 -19.64174 16.27144 curveto
-20.75175 10.92032 -21.25984 5.46468 -21.25984 0 curveto
-21.25984 -5.46468 -20.75175 -10.92032 -19.64174 -16.27144 curveto
-18.65317 -21.03712 -17.18947 -25.70113 -15.0331 -30.06577 curveto
-13.31409 -33.54518 -11.1463 -36.82861 -8.13594 -39.28304 curveto
-5.80515 -41.1834 -3.00612 -42.51968 0 -42.51968 curveto
3.00612 -42.51968 5.80515 -41.1834 8.13594 -39.28304 curveto
11.1463 -36.8286 13.31409 -33.54517 15.0331 -30.06577 curveto
17.18947 -25.70113 18.65317 -21.03712 19.64174 -16.27144 curveto
20.75175 -10.92032 21.25984 -5.46468 21.25984 0 curveto closepath fill
 0 setgray
newpath 21.25984 0 moveto
21.25984 5.46468 20.75175 10.92032 19.64174 16.27144 curveto
18.65317 21.03712 17.18947 25.70113 15.0331 30.06577 curveto
13.31409 33.54518 11.1463 36.82861 8.13594 39.28304 curveto
5.80515 41.1834 3.00612 42.51968 0 42.51968 curveto
-3.00612 42.51968 -5.80515 41.1834 -8.13594 39.28304 curveto
-11.1463 36.8286 -13.31409 33.54517 -15.0331 30.06577 curveto
-17.18947 25.70113 -18.65317 21.03712 -19.64174 16.27144 curveto
-20.75175 10.92032 -21.25984 5.46468 -21.25984 0 curveto
-21.25984 -5.46468 -20.75175 -10.92032 -19.64174 -16.27144 curveto
-18.65317 -21.03712 -17.18947 -25.70113 -15.0331 -30.06577 curveto
-13.31409 -33.54518 -11.1463 -36.82861 -8.13594 -39.28304 curveto
-5.80515 -41.1834 -3.00612 -42.51968 0 -42.51968 curveto
3.00612 -42.51968 5.80515 -41.1834 8.13594 -39.28304 curveto
11.1463 -36.8286 13.31409 -33.54517 15.0331 -30.06577 curveto
17.18947 -25.70113 18.65317 -21.03712 19.64174 -16.27144 curveto
20.75175 -10.92032 21.25984 -5.46468 21.25984 0 curveto closepath stroke
 0 0.70866 dtransform truncate idtransform setlinewidth pop
newpath -42.76968 -64.02953 moveto
42.76968 -64.02953 lineto
42.76968 64.02953 lineto
-42.76968 64.02953 lineto
 closepath stroke
showpage
%%EOF
