%!PS
%%BoundingBox: -37 -136 277 136 
%%Creator: MetaPost
%%CreationDate: 2003.02.25:1619
%%Pages: 1
%*Font: cmmi10 9.96265 9.96265 3a:8
%*Font: cmr10 9.96265 9.96265 32:9000000800011134c08
%*Font: cmsy10 9.96265 9.96265 02:8
%%EndProlog
%%Page: 1 1
 0.75294 setgray
newpath -14.17323 -28.34645 moveto
14.17323 -28.34645 lineto
14.17323 28.34645 lineto
-14.17323 28.34645 lineto
 closepath fill
 0 setgray 0 0.5 dtransform truncate idtransform setlinewidth pop [] 0 setdash
 1 setlinejoin 10 setmiterlimit
newpath -14.17323 -28.34645 moveto
14.17323 -28.34645 lineto
14.17323 28.34645 lineto
-14.17323 28.34645 lineto
 closepath stroke
 1 setgray
newpath 14.17323 0 moveto
14.17323 3.64322 13.83458 7.28041 13.09448 10.84792 curveto
12.43538 14.02501 11.45941 17.13428 10.02177 20.04399 curveto
8.87578 22.36345 7.4307 24.55229 5.42395 26.18855 curveto
3.87012 27.45552 2.0041 28.34645 0 28.34645 curveto
-2.0041 28.34645 -3.87012 27.45552 -5.42395 26.18855 curveto
-7.4307 24.55229 -8.87578 22.36345 -10.02177 20.04399 curveto
-11.45941 17.13428 -12.43536 14.02501 -13.09448 10.84792 curveto
-13.83458 7.28041 -14.17323 3.64322 -14.17323 0 curveto
-14.17323 -3.64322 -13.83458 -7.28041 -13.09448 -10.84792 curveto
-12.43538 -14.02501 -11.45941 -17.13428 -10.02177 -20.04399 curveto
-8.87578 -22.36345 -7.4307 -24.55229 -5.42395 -26.18855 curveto
-3.87012 -27.45552 -2.0041 -28.34645 0 -28.34645 curveto
2.0041 -28.34645 3.8701 -27.45552 5.42395 -26.18855 curveto
7.4307 -24.55229 8.87578 -22.36345 10.02177 -20.04399 curveto
11.45941 -17.13428 12.43536 -14.02501 13.09448 -10.84792 curveto
13.83458 -7.28041 14.17323 -3.64322 14.17323 0 curveto closepath fill
 0 setgray
newpath 14.17323 0 moveto
14.17323 3.64322 13.83458 7.28041 13.09448 10.84792 curveto
12.43538 14.02501 11.45941 17.13428 10.02177 20.04399 curveto
8.87578 22.36345 7.4307 24.55229 5.42395 26.18855 curveto
3.87012 27.45552 2.0041 28.34645 0 28.34645 curveto
-2.0041 28.34645 -3.87012 27.45552 -5.42395 26.18855 curveto
-7.4307 24.55229 -8.87578 22.36345 -10.02177 20.04399 curveto
-11.45941 17.13428 -12.43536 14.02501 -13.09448 10.84792 curveto
-13.83458 7.28041 -14.17323 3.64322 -14.17323 0 curveto
-14.17323 -3.64322 -13.83458 -7.28041 -13.09448 -10.84792 curveto
-12.43538 -14.02501 -11.45941 -17.13428 -10.02177 -20.04399 curveto
-8.87578 -22.36345 -7.4307 -24.55229 -5.42395 -26.18855 curveto
-3.87012 -27.45552 -2.0041 -28.34645 0 -28.34645 curveto
2.0041 -28.34645 3.8701 -27.45552 5.42395 -26.18855 curveto
7.4307 -24.55229 8.87578 -22.36345 10.02177 -20.04399 curveto
11.45941 -17.13428 12.43536 -14.02501 13.09448 -10.84792 curveto
13.83458 -7.28041 14.17323 -3.64322 14.17323 0 curveto closepath stroke
-7.74875 -2.7951 moveto
(:) cmmi10 9.96265 fshow
-4.98135 -2.7951 moveto
(5) cmr10 9.96265 fshow
-0.00005 -2.7951 moveto
(\002) cmsy10 9.96265 fshow
 0.75294 setgray
newpath 42.51968 -56.6929 moveto
99.21259 -56.6929 lineto
99.21259 56.6929 lineto
42.51968 56.6929 lineto
 closepath fill
 0 setgray
newpath 42.51968 -56.6929 moveto
99.21259 -56.6929 lineto
99.21259 56.6929 lineto
42.51968 56.6929 lineto
 closepath stroke
 1 setgray
newpath 99.21259 0 moveto
99.21259 7.2863 98.53474 14.56052 97.05467 21.6954 curveto
95.73654 28.04965 93.78517 34.2684 90.91011 40.08798 curveto
88.6182 44.72717 85.72784 49.10503 81.71404 52.37752 curveto
78.60631 54.91127 74.87427 56.6929 70.86613 56.6929 curveto
66.85799 56.6929 63.12595 54.91127 60.01822 52.37752 curveto
56.00441 49.10503 53.11406 44.72717 50.82214 40.08798 curveto
47.94708 34.2684 45.99571 28.04965 44.67758 21.6954 curveto
43.19753 14.56052 42.51968 7.2863 42.51968 0 curveto
42.51968 -7.2863 43.19751 -14.56052 44.67758 -21.6954 curveto
45.99571 -28.04965 47.94708 -34.2684 50.82214 -40.08798 curveto
53.11406 -44.72717 56.00441 -49.10503 60.01822 -52.37752 curveto
63.12595 -54.91127 66.85799 -56.6929 70.86613 -56.6929 curveto
74.87427 -56.6929 78.60631 -54.91127 81.71404 -52.37752 curveto
85.72784 -49.10503 88.6182 -44.72717 90.91011 -40.08798 curveto
93.78517 -34.2684 95.73654 -28.04965 97.05467 -21.6954 curveto
98.53474 -14.56052 99.21259 -7.2863 99.21259 0 curveto closepath fill
 0 setgray
newpath 99.21259 0 moveto
99.21259 7.2863 98.53474 14.56052 97.05467 21.6954 curveto
95.73654 28.04965 93.78517 34.2684 90.91011 40.08798 curveto
88.6182 44.72717 85.72784 49.10503 81.71404 52.37752 curveto
78.60631 54.91127 74.87427 56.6929 70.86613 56.6929 curveto
66.85799 56.6929 63.12595 54.91127 60.01822 52.37752 curveto
56.00441 49.10503 53.11406 44.72717 50.82214 40.08798 curveto
47.94708 34.2684 45.99571 28.04965 44.67758 21.6954 curveto
43.19753 14.56052 42.51968 7.2863 42.51968 0 curveto
42.51968 -7.2863 43.19751 -14.56052 44.67758 -21.6954 curveto
45.99571 -28.04965 47.94708 -34.2684 50.82214 -40.08798 curveto
53.11406 -44.72717 56.00441 -49.10503 60.01822 -52.37752 curveto
63.12595 -54.91127 66.85799 -56.6929 70.86613 -56.6929 curveto
74.87427 -56.6929 78.60631 -54.91127 81.71404 -52.37752 curveto
85.72784 -49.10503 88.6182 -44.72717 90.91011 -40.08798 curveto
93.78517 -34.2684 95.73654 -28.04965 97.05467 -21.6954 curveto
98.53474 -14.56052 99.21259 -7.2863 99.21259 0 curveto closepath stroke
45.22614 -3.45926 moveto
(Normal) cmr10 9.96265 fshow
80.95334 -3.45926 moveto
(size) cmr10 9.96265 fshow
 0.75294 setgray
newpath 141.73225 -113.3858 moveto
255.11806 -113.3858 lineto
255.11806 113.3858 lineto
141.73225 113.3858 lineto
 closepath fill
 0 setgray
newpath 141.73225 -113.3858 moveto
255.11806 -113.3858 lineto
255.11806 113.3858 lineto
141.73225 113.3858 lineto
 closepath stroke
 1 setgray
newpath 255.11806 0 moveto
255.11806 14.57257 253.76271 29.12102 250.80267 43.3908 curveto
248.16649 56.09937 244.26363 68.53691 238.51314 80.17596 curveto
233.92906 89.45418 228.14806 98.20958 220.12056 104.75462 curveto
213.90521 109.82217 206.44138 113.3858 198.42516 113.3858 curveto
190.40894 113.3858 182.9451 109.82217 176.72975 104.75462 curveto
168.70226 98.20958 162.92125 89.45418 158.33717 80.17596 curveto
152.58669 68.53691 148.68382 56.09937 146.04764 43.3908 curveto
143.0876 29.12102 141.73227 14.57257 141.73225 0 curveto
141.73224 -14.57257 143.08755 -29.12102 146.04764 -43.3908 curveto
148.68387 -56.09935 152.5868 -68.53685 158.33717 -80.17596 curveto
162.9212 -89.45433 168.70209 -98.20999 176.72975 -104.75505 curveto
182.94511 -109.82251 190.409 -113.38588 198.42516 -113.3858 curveto
206.44136 -113.38573 213.90521 -109.82214 220.12056 -104.75462 curveto
228.14809 -98.2096 233.92908 -89.45418 238.51314 -80.17596 curveto
244.26361 -68.53691 248.16647 -56.09937 250.80267 -43.3908 curveto
253.76271 -29.12102 255.11806 -14.57257 255.11806 0 curveto closepath fill
 0 setgray
newpath 255.11806 0 moveto
255.11806 14.57257 253.76271 29.12102 250.80267 43.3908 curveto
248.16649 56.09937 244.26363 68.53691 238.51314 80.17596 curveto
233.92906 89.45418 228.14806 98.20958 220.12056 104.75462 curveto
213.90521 109.82217 206.44138 113.3858 198.42516 113.3858 curveto
190.40894 113.3858 182.9451 109.82217 176.72975 104.75462 curveto
168.70226 98.20958 162.92125 89.45418 158.33717 80.17596 curveto
152.58669 68.53691 148.68382 56.09937 146.04764 43.3908 curveto
143.0876 29.12102 141.73227 14.57257 141.73225 0 curveto
141.73224 -14.57257 143.08755 -29.12102 146.04764 -43.3908 curveto
148.68387 -56.09935 152.5868 -68.53685 158.33717 -80.17596 curveto
162.9212 -89.45433 168.70209 -98.20999 176.72975 -104.75505 curveto
182.94511 -109.82251 190.409 -113.38588 198.42516 -113.3858 curveto
206.44136 -113.38573 213.90521 -109.82214 220.12056 -104.75462 curveto
228.14809 -98.2096 233.92908 -89.45418 238.51314 -80.17596 curveto
244.26361 -68.53691 248.16647 -56.09937 250.80267 -43.3908 curveto
253.76271 -29.12102 255.11806 -14.57257 255.11806 0 curveto closepath stroke
192.0601 -2.7951 moveto
(2) cmr10 9.96265 fshow
197.0414 -2.7951 moveto
(\002) cmsy10 9.96265 fshow
 0 0.70866 dtransform truncate idtransform setlinewidth pop
newpath -35.68307 -134.89565 moveto
276.6279 -134.89565 lineto
276.6279 134.89565 lineto
-35.68307 134.89565 lineto
 closepath stroke
showpage
%%EOF
