%!PS
%%BoundingBox: -64 -257 143 -61 
%%Creator: MetaPost
%%CreationDate: 2003.02.25:1619
%%Pages: 1
%*Font: cmmi10 9.96265 9.96265 63:8001
%%EndProlog
%%Page: 1 1
 0 0.5 dtransform truncate idtransform setlinewidth pop [] 0 setdash
 1 setlinejoin 10 setmiterlimit
newpath -41.48247 -194.55096 moveto
42.73335 -200.41696 lineto
42.73335 -85.89275 lineto
-41.48247 -83.37886 lineto
 closepath stroke
 1 setgray
newpath 120.70123 -183.79259 moveto
120.70241 -176.46089 119.18709 -169.2141 116.35341 -162.45273 curveto
113.4681 -155.56815 109.2715 -149.31409 104.04181 -143.98792 curveto
98.80641 -138.65594 92.6246 -134.34375 85.80753 -131.28313 curveto
79.11325 -128.27765 71.91853 -126.53061 64.58705 -126.21213 curveto
57.47392 -125.90314 50.36118 -126.94672 43.6728 -129.38907 curveto
37.17049 -131.76349 31.20393 -135.41316 26.1773 -140.17297 curveto
21.21158 -144.87512 17.2754 -150.5555 14.60533 -156.85143 curveto
11.91107 -163.20439 10.56464 -170.04272 10.56374 -176.943 curveto
10.5628 -184.00342 11.96837 -190.98819 14.60533 -197.53717 curveto
17.3048 -204.24138 21.2457 -210.37225 26.1773 -215.65509 curveto
31.17119 -221.00464 37.09944 -225.39827 43.6728 -228.61507 curveto
50.22638 -231.82219 57.31413 -233.80635 64.58705 -234.39369 curveto
71.75302 -234.9724 78.96938 -234.18266 85.80753 -231.96156 curveto
92.54047 -229.77464 98.76436 -226.244 104.04181 -221.525 curveto
109.30319 -216.82036 113.49806 -211.04596 116.35341 -204.59134 curveto
119.25014 -198.04315 120.70007 -190.95244 120.70123 -183.79259 curveto
 closepath fill
 0 setgray
newpath 120.70123 -183.79259 moveto
120.70241 -176.46089 119.18709 -169.2141 116.35341 -162.45273 curveto
113.4681 -155.56815 109.2715 -149.31409 104.04181 -143.98792 curveto
98.80641 -138.65594 92.6246 -134.34375 85.80753 -131.28313 curveto
79.11325 -128.27765 71.91853 -126.53061 64.58705 -126.21213 curveto
57.47392 -125.90314 50.36118 -126.94672 43.6728 -129.38907 curveto
37.17049 -131.76349 31.20393 -135.41316 26.1773 -140.17297 curveto
21.21158 -144.87512 17.2754 -150.5555 14.60533 -156.85143 curveto
11.91107 -163.20439 10.56464 -170.04272 10.56374 -176.943 curveto
10.5628 -184.00342 11.96837 -190.98819 14.60533 -197.53717 curveto
17.3048 -204.24138 21.2457 -210.37225 26.1773 -215.65509 curveto
31.17119 -221.00464 37.09944 -225.39827 43.6728 -228.61507 curveto
50.22638 -231.82219 57.31413 -233.80635 64.58705 -234.39369 curveto
71.75302 -234.9724 78.96938 -234.18266 85.80753 -231.96156 curveto
92.54047 -229.77464 98.76436 -226.244 104.04181 -221.525 curveto
109.30319 -216.82036 113.49806 -211.04596 116.35341 -204.59134 curveto
119.25014 -198.04315 120.70007 -190.95244 120.70123 -183.79259 curveto
 closepath stroke
-2.38576 -143.17372 moveto
(r) cmmi10 9.96265 fshow
62.43135 -182.44766 moveto
(c) cmmi10 9.96265 fshow
 0 0.70866 dtransform truncate idtransform setlinewidth pop
newpath -62.99231 -256.0865 moveto
142.21109 -256.0865 lineto
142.21109 -61.869 lineto
-62.99231 -61.869 lineto
 closepath stroke
showpage
%%EOF
