%!PS
%%BoundingBox: -235 -178 -20 82 
%%Creator: MetaPost
%%CreationDate: 2003.02.25:1619
%%Pages: 1
%*Font: cmr10 9.96265 9.96265 78:e
%%EndProlog
%%Page: 1 1
 0 0.5 dtransform truncate idtransform setlinewidth pop [] 0 setdash
 1 setlinejoin 10 setmiterlimit
newpath -42.08195 -47.24423 moveto
-42.08195 -33.46115 -43.33246 -19.69957 -46.0712 -6.1904 curveto
-48.50517 5.81548 -52.1093 17.57698 -57.43123 28.61375 curveto
-61.6489 37.36049 -66.96999 45.64339 -74.43323 51.86887 curveto
-80.15039 56.63785 -87.04694 60.03458 -94.48802 60.03465 curveto
-101.92926 60.03473 -108.826 56.638 -114.54326 51.86887 curveto
-122.00638 45.64339 -127.32721 37.36041 -131.54482 28.61375 curveto
-136.86673 17.57692 -140.47119 5.8155 -142.90529 -6.1904 curveto
-145.64417 -19.69955 -146.89453 -33.46115 -146.89453 -47.24423 curveto
-146.89453 -61.02731 -145.64418 -74.78891 -142.90529 -88.29805 curveto
-140.47119 -100.30382 -136.86676 -112.06511 -131.54482 -123.10178 curveto
-127.32715 -131.8484 -122.00626 -140.13129 -114.54326 -146.35689 curveto
-108.82603 -151.12617 -101.92934 -154.52318 -94.48802 -154.5231 curveto
-87.04686 -154.52303 -80.15036 -151.12602 -74.43323 -146.35689 curveto
-66.97011 -140.13129 -61.64896 -131.84846 -57.43123 -123.10178 curveto
-52.10928 -112.06516 -48.50517 -100.3038 -46.0712 -88.29805 curveto
-43.33243 -74.78888 -42.08195 -61.0273 -42.08195 -47.24423 curveto closepath
 stroke
newpath -69.01143 -53.1496 moveto
-69.01143 -44.18462 -69.90816 -35.23727 -71.8497 -26.4844 curveto
-73.5904 -18.63704 -76.16602 -10.98161 -79.93288 -3.87852 curveto
-82.98987 1.88599 -86.83855 7.26498 -92.02994 11.22595 curveto
-96.17429 14.38805 -101.08675 16.53009 -106.2992 16.53009 curveto
-111.51164 16.53009 -116.42409 14.38805 -120.56844 11.22595 curveto
-125.75984 7.26498 -129.60852 1.88599 -132.66551 -3.87852 curveto
-136.43237 -10.98161 -139.008 -18.63704 -140.74867 -26.4844 curveto
-142.69022 -35.23727 -143.58696 -44.18462 -143.58696 -53.1496 curveto
-143.58696 -62.11458 -142.69022 -71.06192 -140.74867 -79.81479 curveto
-139.008 -87.66216 -136.43237 -95.31758 -132.66551 -102.42067 curveto
-129.60852 -108.18518 -125.75984 -113.56418 -120.56844 -117.52515 curveto
-116.42409 -120.68724 -111.51163 -122.82928 -106.2992 -122.82928 curveto
-101.08675 -122.82928 -96.17429 -120.68724 -92.02994 -117.52515 curveto
-86.83855 -113.56418 -82.98987 -108.18518 -79.93288 -102.42067 curveto
-76.16602 -95.31758 -73.5904 -87.66216 -71.8497 -79.81479 curveto
-69.90816 -71.06192 -69.01143 -62.11458 -69.01143 -53.1496 curveto closepath
 stroke
newpath -93.07494 -60.74226 moveto
-93.07497 -54.55237 -93.7645 -48.3782 -95.23761 -42.36569 curveto
-96.5734 -36.91364 -98.54843 -31.62543 -101.396 -26.7863 curveto
-103.77382 -22.74544 -106.7553 -19.04681 -110.61284 -16.37654 curveto
-113.82982 -14.14969 -117.57188 -12.72116 -121.48497 -12.7212 curveto
-125.3979 -12.72125 -129.13982 -14.14977 -132.35667 -16.37654 curveto
-136.21422 -19.04681 -139.19568 -22.74544 -141.57352 -26.7863 curveto
-144.42108 -31.62543 -146.39613 -36.91362 -147.73192 -42.36569 curveto
-149.20502 -48.3782 -149.89455 -54.55237 -149.89458 -60.74226 curveto
-149.8946 -66.93231 -149.20511 -73.10663 -147.73192 -79.11928 curveto
-146.39612 -84.5712 -144.42104 -89.85925 -141.57352 -94.69824 curveto
-139.19568 -98.73909 -136.21422 -102.43773 -132.35667 -105.108 curveto
-129.13982 -107.33478 -125.3979 -108.76328 -121.48497 -108.76332 curveto
-117.5719 -108.76337 -113.82982 -107.33485 -110.61284 -105.108 curveto
-106.7553 -102.43773 -103.77383 -98.7391 -101.396 -94.69824 curveto
-98.5485 -89.85924 -96.57341 -84.5712 -95.23761 -79.11928 curveto
-93.76442 -73.10663 -93.0749 -66.93231 -93.07494 -60.74226 curveto closepath
 stroke
 0.75294 setgray 1 setlinecap
newpath -188.97649 -113.3858 moveto
-113.3858 -68.03131 lineto stroke
newpath -115.76733 -71.24553 moveto
-113.3858 -68.03131 lineto
-117.34259 -68.62004 lineto
 closepath
gsave fill grestore stroke
 0 setgray
newpath -118.29549 -70.86613 moveto
-118.29549 -66.2871 -118.87032 -61.72346 -120.07968 -57.30667 curveto
-121.19284 -53.2412 -122.8375 -49.33025 -125.15977 -45.81125 curveto
-127.16702 -42.76962 -129.66638 -40.05475 -132.76326 -38.13034 curveto
-135.46669 -36.45044 -138.54872 -35.43306 -141.73225 -35.43306 curveto
-144.91579 -35.43306 -147.99782 -36.45044 -150.70125 -38.13034 curveto
-153.79813 -40.05475 -156.29749 -42.76962 -158.30473 -45.81125 curveto
-160.62701 -49.33023 -162.27167 -53.2412 -163.38483 -57.30667 curveto
-164.5942 -61.72346 -165.16902 -66.2871 -165.16902 -70.86613 curveto
-165.16902 -75.44518 -164.5942 -80.00879 -163.38483 -84.42558 curveto
-162.27167 -88.49106 -160.62701 -92.40201 -158.30473 -95.921 curveto
-156.29749 -98.96263 -153.79813 -101.6775 -150.70125 -103.60191 curveto
-147.99782 -105.28181 -144.91579 -106.2992 -141.73225 -106.2992 curveto
-138.54872 -106.2992 -135.46669 -105.28181 -132.76326 -103.60191 curveto
-129.66638 -101.6775 -127.16702 -98.96263 -125.15977 -95.921 curveto
-122.8375 -92.40202 -121.19284 -88.49106 -120.07968 -84.42558 curveto
-118.87032 -80.00879 -118.29549 -75.44518 -118.29549 -70.86613 curveto
 closepath stroke
newpath -148.81886 -85.03935 moveto
-148.81886 -81.3627 -149.34656 -77.70293 -150.43697 -74.19144 curveto
-151.46117 -70.89313 -152.97322 -67.7591 -155.04561 -64.99536 curveto
-156.91354 -62.5043 -159.21367 -60.35188 -161.94276 -58.8508 curveto
-164.44028 -57.4771 -167.22786 -56.6929 -170.0787 -56.6929 curveto
-172.92955 -56.6929 -175.71713 -57.4771 -178.21465 -58.8508 curveto
-180.94374 -60.35188 -183.24388 -62.50429 -185.1118 -64.99536 curveto
-187.18419 -67.7591 -188.69624 -70.89313 -189.72044 -74.19144 curveto
-190.81085 -77.70293 -191.33855 -81.3627 -191.33855 -85.03935 curveto
-191.33855 -88.716 -190.81085 -92.37578 -189.72044 -95.88727 curveto
-188.69624 -99.18558 -187.18419 -102.31961 -185.1118 -105.08334 curveto
-183.24387 -107.5744 -180.94374 -109.72682 -178.21465 -111.2279 curveto
-175.71713 -112.60161 -172.92955 -113.3858 -170.0787 -113.3858 curveto
-167.22786 -113.3858 -164.44028 -112.60161 -161.94276 -111.2279 curveto
-159.21367 -109.72682 -156.91353 -107.57442 -155.04561 -105.08334 curveto
-152.97322 -102.31961 -151.46117 -99.18558 -150.43697 -95.88727 curveto
-149.34656 -92.37578 -148.81886 -88.716 -148.81886 -85.03935 curveto closepath
 stroke
 0.75294 setgray
newpath -212.59839 -85.03935 moveto
-70.86613 -85.03935 lineto stroke
newpath -74.5625 -86.57048 moveto
-70.86613 -85.03935 lineto
-74.5625 -83.50822 lineto
 closepath
gsave fill grestore stroke
 0.5 0 dtransform exch truncate exch idtransform pop setlinewidth
newpath -141.73225 -155.90549 moveto
-141.73225 -14.17323 lineto stroke
 0 0.5 dtransform truncate idtransform setlinewidth pop
newpath -140.20113 -17.8696 moveto
-141.73225 -14.17323 lineto
-143.26338 -17.8696 lineto
 closepath
gsave fill grestore stroke
 0 setgray
-73.4952 -92.32886 moveto
(x) cmr10 9.96265 fshow
-149.99036 -15.3494 moveto
(y) cmr10 9.96265 fshow
-115.5997 -77.58858 moveto
(z) cmr10 9.96265 fshow
 0 0.70866 dtransform truncate idtransform setlinewidth pop
newpath -234.10823 -177.41533 moveto
-20.5721 -177.41533 lineto
-20.5721 81.54451 lineto
-234.10823 81.54451 lineto
 closepath stroke
showpage
%%EOF
