%!PS
%%BoundingBox: -84 -215 38 -75 
%%Creator: MetaPost
%%CreationDate: 2003.02.25:1619
%%Pages: 1
%*Font: cmmi10 9.96265 9.96265 65:8004
%%EndProlog
%%Page: 1 1
 0.75294 setgray
newpath 5.38632 -124.9513 moveto
2.25882 -120.21451 -1.4783 -115.90442 -5.79984 -112.22359 curveto
-9.72615 -108.87938 -14.10155 -106.08609 -18.87659 -104.13437 curveto
-23.1625 -102.38257 -27.71811 -101.33505 -32.34953 -101.31857 curveto
-36.65001 -101.30327 -40.91643 -102.18257 -44.79134 -104.04959 curveto
-48.72784 -105.94629 -52.1196 -108.79454 -54.77808 -112.26166 curveto
-57.75407 -116.14288 -59.72737 -120.67683 -60.87073 -125.43054 curveto
-62.1997 -130.95602 -62.3934 -136.67989 -61.73753 -142.32353 curveto
-60.99574 -148.70654 -59.18098 -154.91226 -56.49826 -160.7507 curveto
-53.66568 -166.91527 -49.89525 -172.60774 -45.26453 -177.56627 curveto
-40.78499 -182.3629 -35.54735 -186.4165 -29.61723 -189.23254 curveto
-24.27858 -191.76772 -18.46109 -193.24594 -12.55469 -192.98131 curveto
-7.20877 -192.74179 -2.0109 -191.07005 2.35947 -187.98123 curveto
6.73677 -184.8875 10.04158 -180.54706 12.25105 -175.66486 curveto
14.62085 -170.4284 15.67972 -164.71713 15.77057 -158.97214 curveto
15.86612 -152.93097 14.897 -146.92856 13.09492 -141.16261 curveto
11.30115 -135.42322 8.69948 -129.96927 5.38632 -124.9513 curveto closepath fill
 0 setgray 0 0.5 dtransform truncate idtransform setlinewidth pop [] 0 setdash
 1 setlinejoin 10 setmiterlimit
newpath 5.38632 -124.9513 moveto
2.25882 -120.21451 -1.4783 -115.90442 -5.79984 -112.22359 curveto
-9.72615 -108.87938 -14.10155 -106.08609 -18.87659 -104.13437 curveto
-23.1625 -102.38257 -27.71811 -101.33505 -32.34953 -101.31857 curveto
-36.65001 -101.30327 -40.91643 -102.18257 -44.79134 -104.04959 curveto
-48.72784 -105.94629 -52.1196 -108.79454 -54.77808 -112.26166 curveto
-57.75407 -116.14288 -59.72737 -120.67683 -60.87073 -125.43054 curveto
-62.1997 -130.95602 -62.3934 -136.67989 -61.73753 -142.32353 curveto
-60.99574 -148.70654 -59.18098 -154.91226 -56.49826 -160.7507 curveto
-53.66568 -166.91527 -49.89525 -172.60774 -45.26453 -177.56627 curveto
-40.78499 -182.3629 -35.54735 -186.4165 -29.61723 -189.23254 curveto
-24.27858 -191.76772 -18.46109 -193.24594 -12.55469 -192.98131 curveto
-7.20877 -192.74179 -2.0109 -191.07005 2.35947 -187.98123 curveto
6.73677 -184.8875 10.04158 -180.54706 12.25105 -175.66486 curveto
14.62085 -170.4284 15.67972 -164.71713 15.77057 -158.97214 curveto
15.86612 -152.93097 14.897 -146.92856 13.09492 -141.16261 curveto
11.30115 -135.42322 8.69948 -129.96927 5.38632 -124.9513 curveto closepath
 stroke
 1 setgray
newpath -29.61723 -189.23254 moveto
15.77057 -158.97214 lineto
-18.87659 -104.13437 lineto
-60.87073 -125.43054 lineto
 closepath fill
 0 setgray
newpath -29.61723 -189.23254 moveto
15.77057 -158.97214 lineto
-18.87659 -104.13437 lineto
-60.87073 -125.43054 lineto
 closepath stroke
-47.1108 -101.04959 moveto
(e) cmmi10 9.96265 fshow
-26.00766 -143.87701 moveto
(r) cmmi10 9.96265 fshow
 0 0.70866 dtransform truncate idtransform setlinewidth pop
newpath -83.6121 -214.52159 moveto
37.28688 -214.52159 lineto
37.28688 -75.50023 lineto
-83.6121 -75.50023 lineto
 closepath stroke
showpage
%%EOF
