%!PS
%%BoundingBox: -99 -73 99 107 
%%Creator: MetaPost
%%CreationDate: 2003.02.25:1619
%%Pages: 1
%*Font: cmr10 9.96265 9.96265 30:f
%%EndProlog
%%Page: 1 1
 0 1.41733 dtransform truncate idtransform setlinewidth pop [] 0 setdash
 1 setlinejoin 10 setmiterlimit
newpath -29.10252 -46.41248 moveto
-29.10252 -46.34618 -29.12886 -46.2826 -29.17575 -46.2357 curveto
-29.22264 -46.18881 -29.28622 -46.16248 -29.35252 -46.16248 curveto
-29.41882 -46.16248 -29.4824 -46.18881 -29.5293 -46.2357 curveto
-29.57619 -46.2826 -29.60252 -46.34618 -29.60252 -46.41248 curveto
-29.60252 -46.47878 -29.57619 -46.54236 -29.5293 -46.58925 curveto
-29.4824 -46.63614 -29.41882 -46.66248 -29.35252 -46.66248 curveto
-29.28622 -46.66248 -29.22264 -46.63614 -29.17575 -46.58925 curveto
-29.12886 -46.54236 -29.10252 -46.47878 -29.10252 -46.41248 curveto closepath
gsave fill grestore stroke
newpath -25.36717 -46.41248 moveto
-25.36717 -46.34618 -25.39351 -46.2826 -25.4404 -46.2357 curveto
-25.48729 -46.18881 -25.55087 -46.16248 -25.61717 -46.16248 curveto
-25.68347 -46.16248 -25.74706 -46.18881 -25.79395 -46.2357 curveto
-25.84084 -46.2826 -25.86717 -46.34618 -25.86717 -46.41248 curveto
-25.86717 -46.47878 -25.84084 -46.54236 -25.79395 -46.58925 curveto
-25.74706 -46.63614 -25.68347 -46.66248 -25.61717 -46.66248 curveto
-25.55087 -46.66248 -25.48729 -46.63614 -25.4404 -46.58925 curveto
-25.39351 -46.54236 -25.36717 -46.47878 -25.36717 -46.41248 curveto closepath
gsave fill grestore stroke
newpath -21.63182 -46.41248 moveto
-21.63182 -46.34618 -21.65816 -46.2826 -21.70505 -46.2357 curveto
-21.75194 -46.18881 -21.81552 -46.16248 -21.88182 -46.16248 curveto
-21.94812 -46.16248 -22.0117 -46.18881 -22.0586 -46.2357 curveto
-22.10548 -46.2826 -22.13182 -46.34618 -22.13182 -46.41248 curveto
-22.13182 -46.47878 -22.10548 -46.54236 -22.0586 -46.58925 curveto
-22.0117 -46.63614 -21.94812 -46.66248 -21.88182 -46.66248 curveto
-21.81552 -46.66248 -21.75194 -46.63614 -21.70505 -46.58925 curveto
-21.65816 -46.54236 -21.63182 -46.47878 -21.63182 -46.41248 curveto closepath
gsave fill grestore stroke
newpath -17.89647 -46.41248 moveto
-17.89647 -46.34618 -17.9228 -46.2826 -17.9697 -46.2357 curveto
-18.01659 -46.18881 -18.08017 -46.16248 -18.14647 -46.16248 curveto
-18.21277 -46.16248 -18.27635 -46.18881 -18.32324 -46.2357 curveto
-18.37013 -46.2826 -18.39647 -46.34618 -18.39647 -46.41248 curveto
-18.39647 -46.47878 -18.37013 -46.54236 -18.32324 -46.58925 curveto
-18.27635 -46.63614 -18.21277 -46.66248 -18.14647 -46.66248 curveto
-18.08017 -46.66248 -18.01659 -46.63614 -17.9697 -46.58925 curveto
-17.9228 -46.54236 -17.89647 -46.47878 -17.89647 -46.41248 curveto closepath
gsave fill grestore stroke
newpath -14.16112 -46.41248 moveto
-14.16112 -46.34618 -14.18745 -46.2826 -14.23434 -46.2357 curveto
-14.28123 -46.18881 -14.34482 -46.16248 -14.41112 -46.16248 curveto
-14.47742 -46.16248 -14.541 -46.18881 -14.58789 -46.2357 curveto
-14.63478 -46.2826 -14.66112 -46.34618 -14.66112 -46.41248 curveto
-14.66112 -46.47878 -14.63478 -46.54236 -14.58789 -46.58925 curveto
-14.541 -46.63614 -14.47742 -46.66248 -14.41112 -46.66248 curveto
-14.34482 -46.66248 -14.28123 -46.63614 -14.23434 -46.58925 curveto
-14.18745 -46.54236 -14.16112 -46.47878 -14.16112 -46.41248 curveto closepath
gsave fill grestore stroke
newpath -10.42577 -46.41248 moveto
-10.42577 -46.34618 -10.4521 -46.2826 -10.499 -46.2357 curveto
-10.54588 -46.18881 -10.60947 -46.16248 -10.67577 -46.16248 curveto
-10.74207 -46.16248 -10.80565 -46.18881 -10.85254 -46.2357 curveto
-10.89943 -46.2826 -10.92577 -46.34618 -10.92577 -46.41248 curveto
-10.92577 -46.47878 -10.89943 -46.54236 -10.85254 -46.58925 curveto
-10.80565 -46.63614 -10.74207 -46.66248 -10.67577 -46.66248 curveto
-10.60947 -46.66248 -10.54588 -46.63614 -10.499 -46.58925 curveto
-10.4521 -46.54236 -10.42577 -46.47878 -10.42577 -46.41248 curveto closepath
gsave fill grestore stroke
 0 0.5 dtransform truncate idtransform setlinewidth pop
newpath -5.52344 -42.51968 moveto
-8.35696 -50.30527 lineto
-65.28905 -50.30527 lineto
-68.12257 -42.51968 lineto
 closepath stroke
 0 1.41733 dtransform truncate idtransform setlinewidth pop
newpath 45.78227 13.96085 moveto
45.78227 14.02715 45.75594 14.09073 45.70905 14.13762 curveto
45.66216 14.18451 45.59857 14.21085 45.53227 14.21085 curveto
45.46597 14.21085 45.40239 14.18451 45.3555 14.13762 curveto
45.30861 14.09073 45.28227 14.02715 45.28227 13.96085 curveto
45.28227 13.89455 45.30861 13.83096 45.3555 13.78407 curveto
45.40239 13.73718 45.46597 13.71085 45.53227 13.71085 curveto
45.59857 13.71085 45.66216 13.73718 45.70905 13.78407 curveto
45.75594 13.83096 45.78227 13.89455 45.78227 13.96085 curveto closepath
gsave fill grestore stroke
newpath 47.64995 10.72594 moveto
47.64995 10.79224 47.62361 10.85582 47.57672 10.90271 curveto
47.52983 10.9496 47.46625 10.97594 47.39995 10.97594 curveto
47.33365 10.97594 47.27007 10.9496 47.22318 10.90271 curveto
47.17628 10.85582 47.14995 10.79224 47.14995 10.72594 curveto
47.14995 10.65964 47.17628 10.59605 47.22318 10.54916 curveto
47.27007 10.50227 47.33365 10.47594 47.39995 10.47594 curveto
47.46625 10.47594 47.52983 10.50227 47.57672 10.54916 curveto
47.62361 10.59605 47.64995 10.65964 47.64995 10.72594 curveto closepath
gsave fill grestore stroke
newpath 49.51761 7.49103 moveto
49.51761 7.55733 49.49127 7.62091 49.44438 7.6678 curveto
49.39749 7.71469 49.33391 7.74103 49.26761 7.74103 curveto
49.20131 7.74103 49.13773 7.71469 49.09084 7.6678 curveto
49.04395 7.62091 49.01761 7.55733 49.01761 7.49103 curveto
49.01761 7.42473 49.04395 7.36115 49.09084 7.31425 curveto
49.13773 7.26736 49.20131 7.24103 49.26761 7.24103 curveto
49.33391 7.24103 49.39749 7.26736 49.44438 7.31425 curveto
49.49127 7.36115 49.51761 7.42473 49.51761 7.49103 curveto closepath
gsave fill grestore stroke
newpath 51.38528 4.25612 moveto
51.38528 4.32242 51.35895 4.386 51.31206 4.43289 curveto
51.26517 4.47978 51.20158 4.50612 51.13528 4.50612 curveto
51.06898 4.50612 51.0054 4.47978 50.95851 4.43289 curveto
50.91162 4.386 50.88528 4.32242 50.88528 4.25612 curveto
50.88528 4.18982 50.91162 4.12624 50.95851 4.07935 curveto
51.0054 4.03246 51.06898 4.00612 51.13528 4.00612 curveto
51.20158 4.00612 51.26517 4.03246 51.31206 4.07935 curveto
51.35895 4.12624 51.38528 4.18982 51.38528 4.25612 curveto closepath
gsave fill grestore stroke
newpath 53.25296 1.02121 moveto
53.25296 1.08751 53.22662 1.1511 53.17973 1.19798 curveto
53.13284 1.24487 53.06926 1.27121 53.00296 1.27121 curveto
52.93666 1.27121 52.87308 1.24487 52.82619 1.19798 curveto
52.7793 1.1511 52.75296 1.08751 52.75296 1.02121 curveto
52.75296 0.95491 52.7793 0.89133 52.82619 0.84444 curveto
52.87308 0.79755 52.93666 0.77121 53.00296 0.77121 curveto
53.06926 0.77121 53.13284 0.79755 53.17973 0.84444 curveto
53.22662 0.89133 53.25296 0.95491 53.25296 1.02121 curveto closepath
gsave fill grestore stroke
newpath 55.12064 -2.2137 moveto
55.12064 -2.1474 55.0943 -2.08382 55.04741 -2.03693 curveto
55.00052 -1.99004 54.93694 -1.9637 54.87064 -1.9637 curveto
54.80434 -1.9637 54.74075 -1.99004 54.69386 -2.03693 curveto
54.64697 -2.08382 54.62064 -2.1474 54.62064 -2.2137 curveto
54.62064 -2.28 54.64697 -2.34358 54.69386 -2.39047 curveto
54.74075 -2.43736 54.80434 -2.4637 54.87064 -2.4637 curveto
54.93694 -2.4637 55.00052 -2.43736 55.04741 -2.39047 curveto
55.0943 -2.34358 55.12064 -2.28 55.12064 -2.2137 curveto closepath
gsave fill grestore stroke
newpath 56.98831 -5.44861 moveto
56.98831 -5.38231 56.96198 -5.31873 56.91508 -5.27184 curveto
56.8682 -5.22495 56.80461 -5.19861 56.73831 -5.19861 curveto
56.67201 -5.19861 56.60843 -5.22495 56.56154 -5.27184 curveto
56.51465 -5.31873 56.48831 -5.38231 56.48831 -5.44861 curveto
56.48831 -5.51491 56.51465 -5.57849 56.56154 -5.62538 curveto
56.60843 -5.67227 56.67201 -5.69861 56.73831 -5.69861 curveto
56.80461 -5.69861 56.8682 -5.67227 56.91508 -5.62538 curveto
56.96198 -5.57849 56.98831 -5.51491 56.98831 -5.44861 curveto closepath
gsave fill grestore stroke
newpath 58.85599 -8.68352 moveto
58.85599 -8.61722 58.82965 -8.55363 58.78276 -8.50674 curveto
58.73587 -8.45985 58.67229 -8.43352 58.60599 -8.43352 curveto
58.53969 -8.43352 58.4761 -8.45985 58.42921 -8.50674 curveto
58.38232 -8.55363 58.35599 -8.61722 58.35599 -8.68352 curveto
58.35599 -8.74982 58.38232 -8.8134 58.42921 -8.86029 curveto
58.4761 -8.90718 58.53969 -8.93352 58.60599 -8.93352 curveto
58.67229 -8.93352 58.73587 -8.90718 58.78276 -8.86029 curveto
58.82965 -8.8134 58.85599 -8.74982 58.85599 -8.68352 curveto closepath
gsave fill grestore stroke
newpath 60.72366 -11.91843 moveto
60.72366 -11.85213 60.69733 -11.78854 60.65044 -11.74165 curveto
60.60355 -11.69476 60.53996 -11.66843 60.47366 -11.66843 curveto
60.40736 -11.66843 60.34378 -11.69476 60.29689 -11.74165 curveto
60.25 -11.78854 60.22366 -11.85213 60.22366 -11.91843 curveto
60.22366 -11.98473 60.25 -12.04831 60.29689 -12.0952 curveto
60.34378 -12.14209 60.40736 -12.16843 60.47366 -12.16843 curveto
60.53996 -12.16843 60.60355 -12.14209 60.65044 -12.0952 curveto
60.69733 -12.04831 60.72366 -11.98473 60.72366 -11.91843 curveto closepath
gsave fill grestore stroke
newpath 62.59134 -15.15335 moveto
62.59134 -15.08705 62.565 -15.02347 62.51811 -14.97658 curveto
62.47122 -14.92969 62.40764 -14.90335 62.34134 -14.90335 curveto
62.27504 -14.90335 62.21146 -14.92969 62.16457 -14.97658 curveto
62.11768 -15.02347 62.09134 -15.08705 62.09134 -15.15335 curveto
62.09134 -15.21965 62.11768 -15.28323 62.16457 -15.33012 curveto
62.21146 -15.37701 62.27504 -15.40335 62.34134 -15.40335 curveto
62.40764 -15.40335 62.47122 -15.37701 62.51811 -15.33012 curveto
62.565 -15.28323 62.59134 -15.21965 62.59134 -15.15335 curveto closepath
gsave fill grestore stroke
newpath 64.45901 -18.38826 moveto
64.45901 -18.32196 64.43268 -18.25838 64.38579 -18.21149 curveto
64.3389 -18.1646 64.27531 -18.13826 64.20901 -18.13826 curveto
64.14272 -18.13826 64.07913 -18.1646 64.03224 -18.21149 curveto
63.98535 -18.25838 63.95901 -18.32196 63.95901 -18.38826 curveto
63.95901 -18.45456 63.98535 -18.51814 64.03224 -18.56503 curveto
64.07913 -18.61192 64.14272 -18.63826 64.20901 -18.63826 curveto
64.27531 -18.63826 64.3389 -18.61192 64.38579 -18.56503 curveto
64.43268 -18.51814 64.45901 -18.45456 64.45901 -18.38826 curveto closepath
gsave fill grestore stroke
newpath 66.32669 -21.62317 moveto
66.32669 -21.55687 66.30035 -21.49329 66.25346 -21.4464 curveto
66.20657 -21.3995 66.14299 -21.37317 66.07669 -21.37317 curveto
66.01039 -21.37317 65.94681 -21.3995 65.89992 -21.4464 curveto
65.85303 -21.49329 65.82669 -21.55687 65.82669 -21.62317 curveto
65.82669 -21.68947 65.85303 -21.75305 65.89992 -21.79994 curveto
65.94681 -21.84683 66.01039 -21.87317 66.07669 -21.87317 curveto
66.14299 -21.87317 66.20657 -21.84683 66.25346 -21.79994 curveto
66.30035 -21.75305 66.32669 -21.68947 66.32669 -21.62317 curveto closepath
gsave fill grestore stroke
newpath 68.19437 -24.85808 moveto
68.19437 -24.79178 68.16803 -24.7282 68.12114 -24.6813 curveto
68.07425 -24.63441 68.01067 -24.60808 67.94437 -24.60808 curveto
67.87807 -24.60808 67.81448 -24.63441 67.7676 -24.6813 curveto
67.7207 -24.7282 67.69437 -24.79178 67.69437 -24.85808 curveto
67.69437 -24.92438 67.7207 -24.98796 67.7676 -25.03485 curveto
67.81448 -25.08174 67.87807 -25.10808 67.94437 -25.10808 curveto
68.01067 -25.10808 68.07425 -25.08174 68.12114 -25.03485 curveto
68.16803 -24.98796 68.19437 -24.92438 68.19437 -24.85808 curveto closepath
gsave fill grestore stroke
newpath 70.06204 -28.09299 moveto
70.06204 -28.02669 70.0357 -27.9631 69.98882 -27.91621 curveto
69.94193 -27.86932 69.87834 -27.84299 69.81204 -27.84299 curveto
69.74574 -27.84299 69.68216 -27.86932 69.63527 -27.91621 curveto
69.58838 -27.9631 69.56204 -28.02669 69.56204 -28.09299 curveto
69.56204 -28.15929 69.58838 -28.22287 69.63527 -28.26976 curveto
69.68216 -28.31665 69.74574 -28.34299 69.81204 -28.34299 curveto
69.87834 -28.34299 69.94193 -28.31665 69.98882 -28.26976 curveto
70.0357 -28.22287 70.06204 -28.15929 70.06204 -28.09299 curveto closepath
gsave fill grestore stroke
newpath 71.92972 -31.3279 moveto
71.92972 -31.2616 71.90338 -31.19801 71.85649 -31.15112 curveto
71.8096 -31.10423 71.74602 -31.0779 71.67972 -31.0779 curveto
71.61342 -31.0779 71.54984 -31.10423 71.50294 -31.15112 curveto
71.45605 -31.19801 71.42972 -31.2616 71.42972 -31.3279 curveto
71.42972 -31.3942 71.45605 -31.45778 71.50294 -31.50467 curveto
71.54984 -31.55156 71.61342 -31.5779 71.67972 -31.5779 curveto
71.74602 -31.5779 71.8096 -31.55156 71.85649 -31.50467 curveto
71.90338 -31.45778 71.92972 -31.3942 71.92972 -31.3279 curveto closepath
gsave fill grestore stroke
 0 0.5 dtransform truncate idtransform setlinewidth pop
newpath 70.8843 -37.7363 moveto
76.21007 -31.38931 lineto
47.74423 17.91507 lineto
39.58495 16.47646 lineto
 closepath stroke
 0 1.41733 dtransform truncate idtransform setlinewidth pop
newpath 2.21672 73.84758 moveto
2.21672 73.91388 2.19038 73.97746 2.1435 74.02435 curveto
2.0966 74.07124 2.03302 74.09758 1.96672 74.09758 curveto
1.90042 74.09758 1.83684 74.07124 1.78995 74.02435 curveto
1.74306 73.97746 1.71672 73.91388 1.71672 73.84758 curveto
1.71672 73.78128 1.74306 73.7177 1.78995 73.6708 curveto
1.83684 73.62392 1.90042 73.59758 1.96672 73.59758 curveto
2.03302 73.59758 2.0966 73.62392 2.1435 73.6708 curveto
2.19038 73.7177 2.21672 73.78128 2.21672 73.84758 curveto closepath
gsave fill grestore stroke
newpath 4.0844 70.61266 moveto
4.0844 70.67896 4.05806 70.74254 4.01117 70.78943 curveto
3.96428 70.83632 3.9007 70.86266 3.8344 70.86266 curveto
3.7681 70.86266 3.70451 70.83632 3.65762 70.78943 curveto
3.61073 70.74254 3.5844 70.67896 3.5844 70.61266 curveto
3.5844 70.54636 3.61073 70.48277 3.65762 70.43588 curveto
3.70451 70.38899 3.7681 70.36266 3.8344 70.36266 curveto
3.9007 70.36266 3.96428 70.38899 4.01117 70.43588 curveto
4.05806 70.48277 4.0844 70.54636 4.0844 70.61266 curveto closepath
gsave fill grestore stroke
newpath 63.22067 -38.62688 moveto
63.22067 -38.56058 63.19434 -38.497 63.14745 -38.4501 curveto
63.10056 -38.40321 63.03697 -38.37688 62.97067 -38.37688 curveto
62.90437 -38.37688 62.84079 -38.40321 62.7939 -38.4501 curveto
62.74701 -38.497 62.72067 -38.56058 62.72067 -38.62688 curveto
62.72067 -38.69318 62.74701 -38.75676 62.7939 -38.80365 curveto
62.84079 -38.85054 62.90437 -38.87688 62.97067 -38.87688 curveto
63.03697 -38.87688 63.10056 -38.85054 63.14745 -38.80365 curveto
63.19434 -38.75676 63.22067 -38.69318 63.22067 -38.62688 curveto closepath
gsave fill grestore stroke
newpath 59.48532 -38.62688 moveto
59.48532 -38.56058 59.45898 -38.497 59.4121 -38.4501 curveto
59.3652 -38.40321 59.30162 -38.37688 59.23532 -38.37688 curveto
59.16902 -38.37688 59.10544 -38.40321 59.05855 -38.4501 curveto
59.01166 -38.497 58.98532 -38.56058 58.98532 -38.62688 curveto
58.98532 -38.69318 59.01166 -38.75676 59.05855 -38.80365 curveto
59.10544 -38.85054 59.16902 -38.87688 59.23532 -38.87688 curveto
59.30162 -38.87688 59.3652 -38.85054 59.4121 -38.80365 curveto
59.45898 -38.75676 59.48532 -38.69318 59.48532 -38.62688 curveto closepath
gsave fill grestore stroke
newpath 55.74997 -38.62688 moveto
55.74997 -38.56058 55.72363 -38.497 55.67674 -38.4501 curveto
55.62985 -38.40321 55.56627 -38.37688 55.49997 -38.37688 curveto
55.43367 -38.37688 55.37009 -38.40321 55.3232 -38.4501 curveto
55.2763 -38.497 55.24997 -38.56058 55.24997 -38.62688 curveto
55.24997 -38.69318 55.2763 -38.75676 55.3232 -38.80365 curveto
55.37009 -38.85054 55.43367 -38.87688 55.49997 -38.87688 curveto
55.56627 -38.87688 55.62985 -38.85054 55.67674 -38.80365 curveto
55.72363 -38.75676 55.74997 -38.69318 55.74997 -38.62688 curveto closepath
gsave fill grestore stroke
newpath 52.01463 -38.62688 moveto
52.01463 -38.56058 51.9883 -38.497 51.9414 -38.4501 curveto
51.89452 -38.40321 51.83093 -38.37688 51.76463 -38.37688 curveto
51.69833 -38.37688 51.63475 -38.40321 51.58786 -38.4501 curveto
51.54097 -38.497 51.51463 -38.56058 51.51463 -38.62688 curveto
51.51463 -38.69318 51.54097 -38.75676 51.58786 -38.80365 curveto
51.63475 -38.85054 51.69833 -38.87688 51.76463 -38.87688 curveto
51.83093 -38.87688 51.89452 -38.85054 51.9414 -38.80365 curveto
51.9883 -38.75676 52.01463 -38.69318 52.01463 -38.62688 curveto closepath
gsave fill grestore stroke
newpath 48.27928 -38.62688 moveto
48.27928 -38.56058 48.25294 -38.497 48.20605 -38.4501 curveto
48.15916 -38.40321 48.09558 -38.37688 48.02928 -38.37688 curveto
47.96298 -38.37688 47.8994 -38.40321 47.85251 -38.4501 curveto
47.80562 -38.497 47.77928 -38.56058 47.77928 -38.62688 curveto
47.77928 -38.69318 47.80562 -38.75676 47.85251 -38.80365 curveto
47.8994 -38.85054 47.96298 -38.87688 48.02928 -38.87688 curveto
48.09558 -38.87688 48.15916 -38.85054 48.20605 -38.80365 curveto
48.25294 -38.75676 48.27928 -38.69318 48.27928 -38.62688 curveto closepath
gsave fill grestore stroke
newpath 44.54393 -38.62688 moveto
44.54393 -38.56058 44.5176 -38.497 44.4707 -38.4501 curveto
44.42381 -38.40321 44.36023 -38.37688 44.29393 -38.37688 curveto
44.22763 -38.37688 44.16405 -38.40321 44.11716 -38.4501 curveto
44.07027 -38.497 44.04393 -38.56058 44.04393 -38.62688 curveto
44.04393 -38.69318 44.07027 -38.75676 44.11716 -38.80365 curveto
44.16405 -38.85054 44.22763 -38.87688 44.29393 -38.87688 curveto
44.36023 -38.87688 44.42381 -38.85054 44.4707 -38.80365 curveto
44.5176 -38.75676 44.54393 -38.69318 44.54393 -38.62688 curveto closepath
gsave fill grestore stroke
newpath 40.80858 -38.62688 moveto
40.80858 -38.56058 40.78224 -38.497 40.73535 -38.4501 curveto
40.68846 -38.40321 40.62488 -38.37688 40.55858 -38.37688 curveto
40.49228 -38.37688 40.4287 -38.40321 40.3818 -38.4501 curveto
40.33492 -38.497 40.30858 -38.56058 40.30858 -38.62688 curveto
40.30858 -38.69318 40.33492 -38.75676 40.3818 -38.80365 curveto
40.4287 -38.85054 40.49228 -38.87688 40.55858 -38.87688 curveto
40.62488 -38.87688 40.68846 -38.85054 40.73535 -38.80365 curveto
40.78224 -38.75676 40.80858 -38.69318 40.80858 -38.62688 curveto closepath
gsave fill grestore stroke
newpath 37.07323 -38.62688 moveto
37.07323 -38.56058 37.04689 -38.497 37 -38.4501 curveto
36.95311 -38.40321 36.88953 -38.37688 36.82323 -38.37688 curveto
36.75693 -38.37688 36.69334 -38.40321 36.64645 -38.4501 curveto
36.59956 -38.497 36.57323 -38.56058 36.57323 -38.62688 curveto
36.57323 -38.69318 36.59956 -38.75676 36.64645 -38.80365 curveto
36.69334 -38.85054 36.75693 -38.87688 36.82323 -38.87688 curveto
36.88953 -38.87688 36.95311 -38.85054 37 -38.80365 curveto
37.04689 -38.75676 37.07323 -38.69318 37.07323 -38.62688 curveto closepath
gsave fill grestore stroke
newpath 33.33788 -38.62688 moveto
33.33788 -38.56058 33.31154 -38.497 33.26465 -38.4501 curveto
33.21776 -38.40321 33.15417 -38.37688 33.08788 -38.37688 curveto
33.02158 -38.37688 32.958 -38.40321 32.9111 -38.4501 curveto
32.86421 -38.497 32.83788 -38.56058 32.83788 -38.62688 curveto
32.83788 -38.69318 32.86421 -38.75676 32.9111 -38.80365 curveto
32.958 -38.85054 33.02158 -38.87688 33.08788 -38.87688 curveto
33.15417 -38.87688 33.21776 -38.85054 33.26465 -38.80365 curveto
33.31154 -38.75676 33.33788 -38.69318 33.33788 -38.62688 curveto closepath
gsave fill grestore stroke
newpath 29.60252 -38.62688 moveto
29.60252 -38.56058 29.57619 -38.497 29.5293 -38.4501 curveto
29.4824 -38.40321 29.41882 -38.37688 29.35252 -38.37688 curveto
29.28622 -38.37688 29.22264 -38.40321 29.17575 -38.4501 curveto
29.12886 -38.497 29.10252 -38.56058 29.10252 -38.62688 curveto
29.10252 -38.69318 29.12886 -38.75676 29.17575 -38.80365 curveto
29.22264 -38.85054 29.28622 -38.87688 29.35252 -38.87688 curveto
29.41882 -38.87688 29.4824 -38.85054 29.5293 -38.80365 curveto
29.57619 -38.75676 29.60252 -38.69318 29.60252 -38.62688 curveto closepath
gsave fill grestore stroke
newpath 25.86717 -38.62688 moveto
25.86717 -38.56058 25.84084 -38.497 25.79395 -38.4501 curveto
25.74706 -38.40321 25.68347 -38.37688 25.61717 -38.37688 curveto
25.55087 -38.37688 25.48729 -38.40321 25.4404 -38.4501 curveto
25.39351 -38.497 25.36717 -38.56058 25.36717 -38.62688 curveto
25.36717 -38.69318 25.39351 -38.75676 25.4404 -38.80365 curveto
25.48729 -38.85054 25.55087 -38.87688 25.61717 -38.87688 curveto
25.68347 -38.87688 25.74706 -38.85054 25.79395 -38.80365 curveto
25.84084 -38.75676 25.86717 -38.69318 25.86717 -38.62688 curveto closepath
gsave fill grestore stroke
newpath 22.13182 -38.62688 moveto
22.13182 -38.56058 22.10548 -38.497 22.0586 -38.4501 curveto
22.0117 -38.40321 21.94812 -38.37688 21.88182 -38.37688 curveto
21.81552 -38.37688 21.75194 -38.40321 21.70505 -38.4501 curveto
21.65816 -38.497 21.63182 -38.56058 21.63182 -38.62688 curveto
21.63182 -38.69318 21.65816 -38.75676 21.70505 -38.80365 curveto
21.75194 -38.85054 21.81552 -38.87688 21.88182 -38.87688 curveto
21.94812 -38.87688 22.0117 -38.85054 22.0586 -38.80365 curveto
22.10548 -38.75676 22.13182 -38.69318 22.13182 -38.62688 curveto closepath
gsave fill grestore stroke
newpath 18.39647 -38.62688 moveto
18.39647 -38.56058 18.37013 -38.497 18.32324 -38.4501 curveto
18.27635 -38.40321 18.21277 -38.37688 18.14647 -38.37688 curveto
18.08017 -38.37688 18.01659 -38.40321 17.9697 -38.4501 curveto
17.9228 -38.497 17.89647 -38.56058 17.89647 -38.62688 curveto
17.89647 -38.69318 17.9228 -38.75676 17.9697 -38.80365 curveto
18.01659 -38.85054 18.08017 -38.87688 18.14647 -38.87688 curveto
18.21277 -38.87688 18.27635 -38.85054 18.32324 -38.80365 curveto
18.37013 -38.75676 18.39647 -38.69318 18.39647 -38.62688 curveto closepath
gsave fill grestore stroke
newpath 14.66112 -38.62688 moveto
14.66112 -38.56058 14.63478 -38.497 14.58789 -38.4501 curveto
14.541 -38.40321 14.47742 -38.37688 14.41112 -38.37688 curveto
14.34482 -38.37688 14.28123 -38.40321 14.23434 -38.4501 curveto
14.18745 -38.497 14.16112 -38.56058 14.16112 -38.62688 curveto
14.16112 -38.69318 14.18745 -38.75676 14.23434 -38.80365 curveto
14.28123 -38.85054 14.34482 -38.87688 14.41112 -38.87688 curveto
14.47742 -38.87688 14.541 -38.85054 14.58789 -38.80365 curveto
14.63478 -38.75676 14.66112 -38.69318 14.66112 -38.62688 curveto closepath
gsave fill grestore stroke
newpath 10.92577 -38.62688 moveto
10.92577 -38.56058 10.89943 -38.497 10.85254 -38.4501 curveto
10.80565 -38.40321 10.74207 -38.37688 10.67577 -38.37688 curveto
10.60947 -38.37688 10.54588 -38.40321 10.499 -38.4501 curveto
10.4521 -38.497 10.42577 -38.56058 10.42577 -38.62688 curveto
10.42577 -38.69318 10.4521 -38.75676 10.499 -38.80365 curveto
10.54588 -38.85054 10.60947 -38.87688 10.67577 -38.87688 curveto
10.74207 -38.87688 10.80565 -38.85054 10.85254 -38.80365 curveto
10.89943 -38.75676 10.92577 -38.69318 10.92577 -38.62688 curveto closepath
gsave fill grestore stroke
 0 0.5 dtransform truncate idtransform setlinewidth pop
newpath 5.52344 -42.51968 moveto
8.35696 -34.73409 lineto
65.28905 -34.73409 lineto
68.12257 -42.51968 lineto
 closepath stroke
 0 1.41733 dtransform truncate idtransform setlinewidth pop
newpath -62.72067 -46.41248 moveto
-62.72067 -46.34618 -62.74701 -46.2826 -62.7939 -46.2357 curveto
-62.84079 -46.18881 -62.90437 -46.16248 -62.97067 -46.16248 curveto
-63.03697 -46.16248 -63.10056 -46.18881 -63.14745 -46.2357 curveto
-63.19434 -46.2826 -63.22067 -46.34618 -63.22067 -46.41248 curveto
-63.22067 -46.47878 -63.19434 -46.54236 -63.14745 -46.58925 curveto
-63.10056 -46.63614 -63.03697 -46.66248 -62.97067 -46.66248 curveto
-62.90437 -46.66248 -62.84079 -46.63614 -62.7939 -46.58925 curveto
-62.74701 -46.54236 -62.72067 -46.47878 -62.72067 -46.41248 curveto closepath
gsave fill grestore stroke
newpath -58.98532 -46.41248 moveto
-58.98532 -46.34618 -59.01166 -46.2826 -59.05855 -46.2357 curveto
-59.10544 -46.18881 -59.16902 -46.16248 -59.23532 -46.16248 curveto
-59.30162 -46.16248 -59.3652 -46.18881 -59.4121 -46.2357 curveto
-59.45898 -46.2826 -59.48532 -46.34618 -59.48532 -46.41248 curveto
-59.48532 -46.47878 -59.45898 -46.54236 -59.4121 -46.58925 curveto
-59.3652 -46.63614 -59.30162 -46.66248 -59.23532 -46.66248 curveto
-59.16902 -46.66248 -59.10544 -46.63614 -59.05855 -46.58925 curveto
-59.01166 -46.54236 -58.98532 -46.47878 -58.98532 -46.41248 curveto closepath
gsave fill grestore stroke
newpath -55.24997 -46.41248 moveto
-55.24997 -46.34618 -55.2763 -46.2826 -55.3232 -46.2357 curveto
-55.37009 -46.18881 -55.43367 -46.16248 -55.49997 -46.16248 curveto
-55.56627 -46.16248 -55.62985 -46.18881 -55.67674 -46.2357 curveto
-55.72363 -46.2826 -55.74997 -46.34618 -55.74997 -46.41248 curveto
-55.74997 -46.47878 -55.72363 -46.54236 -55.67674 -46.58925 curveto
-55.62985 -46.63614 -55.56627 -46.66248 -55.49997 -46.66248 curveto
-55.43367 -46.66248 -55.37009 -46.63614 -55.3232 -46.58925 curveto
-55.2763 -46.54236 -55.24997 -46.47878 -55.24997 -46.41248 curveto closepath
gsave fill grestore stroke
newpath -51.51463 -46.41248 moveto
-51.51463 -46.34618 -51.54097 -46.2826 -51.58786 -46.2357 curveto
-51.63475 -46.18881 -51.69833 -46.16248 -51.76463 -46.16248 curveto
-51.83093 -46.16248 -51.89452 -46.18881 -51.9414 -46.2357 curveto
-51.9883 -46.2826 -52.01463 -46.34618 -52.01463 -46.41248 curveto
-52.01463 -46.47878 -51.9883 -46.54236 -51.9414 -46.58925 curveto
-51.89452 -46.63614 -51.83093 -46.66248 -51.76463 -46.66248 curveto
-51.69833 -46.66248 -51.63475 -46.63614 -51.58786 -46.58925 curveto
-51.54097 -46.54236 -51.51463 -46.47878 -51.51463 -46.41248 curveto closepath
gsave fill grestore stroke
newpath -47.77928 -46.41248 moveto
-47.77928 -46.34618 -47.80562 -46.2826 -47.85251 -46.2357 curveto
-47.8994 -46.18881 -47.96298 -46.16248 -48.02928 -46.16248 curveto
-48.09558 -46.16248 -48.15916 -46.18881 -48.20605 -46.2357 curveto
-48.25294 -46.2826 -48.27928 -46.34618 -48.27928 -46.41248 curveto
-48.27928 -46.47878 -48.25294 -46.54236 -48.20605 -46.58925 curveto
-48.15916 -46.63614 -48.09558 -46.66248 -48.02928 -46.66248 curveto
-47.96298 -46.66248 -47.8994 -46.63614 -47.85251 -46.58925 curveto
-47.80562 -46.54236 -47.77928 -46.47878 -47.77928 -46.41248 curveto closepath
gsave fill grestore stroke
newpath -44.04393 -46.41248 moveto
-44.04393 -46.34618 -44.07027 -46.2826 -44.11716 -46.2357 curveto
-44.16405 -46.18881 -44.22763 -46.16248 -44.29393 -46.16248 curveto
-44.36023 -46.16248 -44.42381 -46.18881 -44.4707 -46.2357 curveto
-44.5176 -46.2826 -44.54393 -46.34618 -44.54393 -46.41248 curveto
-44.54393 -46.47878 -44.5176 -46.54236 -44.4707 -46.58925 curveto
-44.42381 -46.63614 -44.36023 -46.66248 -44.29393 -46.66248 curveto
-44.22763 -46.66248 -44.16405 -46.63614 -44.11716 -46.58925 curveto
-44.07027 -46.54236 -44.04393 -46.47878 -44.04393 -46.41248 curveto closepath
gsave fill grestore stroke
newpath -40.30858 -46.41248 moveto
-40.30858 -46.34618 -40.33492 -46.2826 -40.3818 -46.2357 curveto
-40.4287 -46.18881 -40.49228 -46.16248 -40.55858 -46.16248 curveto
-40.62488 -46.16248 -40.68846 -46.18881 -40.73535 -46.2357 curveto
-40.78224 -46.2826 -40.80858 -46.34618 -40.80858 -46.41248 curveto
-40.80858 -46.47878 -40.78224 -46.54236 -40.73535 -46.58925 curveto
-40.68846 -46.63614 -40.62488 -46.66248 -40.55858 -46.66248 curveto
-40.49228 -46.66248 -40.4287 -46.63614 -40.3818 -46.58925 curveto
-40.33492 -46.54236 -40.30858 -46.47878 -40.30858 -46.41248 curveto closepath
gsave fill grestore stroke
newpath -36.57323 -46.41248 moveto
-36.57323 -46.34618 -36.59956 -46.2826 -36.64645 -46.2357 curveto
-36.69334 -46.18881 -36.75693 -46.16248 -36.82323 -46.16248 curveto
-36.88953 -46.16248 -36.95311 -46.18881 -37 -46.2357 curveto
-37.04689 -46.2826 -37.07323 -46.34618 -37.07323 -46.41248 curveto
-37.07323 -46.47878 -37.04689 -46.54236 -37 -46.58925 curveto
-36.95311 -46.63614 -36.88953 -46.66248 -36.82323 -46.66248 curveto
-36.75693 -46.66248 -36.69334 -46.63614 -36.64645 -46.58925 curveto
-36.59956 -46.54236 -36.57323 -46.47878 -36.57323 -46.41248 curveto closepath
gsave fill grestore stroke
newpath -32.83788 -46.41248 moveto
-32.83788 -46.34618 -32.86421 -46.2826 -32.9111 -46.2357 curveto
-32.958 -46.18881 -33.02158 -46.16248 -33.08788 -46.16248 curveto
-33.15417 -46.16248 -33.21776 -46.18881 -33.26465 -46.2357 curveto
-33.31154 -46.2826 -33.33788 -46.34618 -33.33788 -46.41248 curveto
-33.33788 -46.47878 -33.31154 -46.54236 -33.26465 -46.58925 curveto
-33.21776 -46.63614 -33.15417 -46.66248 -33.08788 -46.66248 curveto
-33.02158 -46.66248 -32.958 -46.63614 -32.9111 -46.58925 curveto
-32.86421 -46.54236 -32.83788 -46.47878 -32.83788 -46.41248 curveto closepath
gsave fill grestore stroke
newpath -22.26115 38.26355 moveto
-22.26115 38.32985 -22.28749 38.39343 -22.33438 38.44032 curveto
-22.38127 38.48721 -22.44485 38.51355 -22.51115 38.51355 curveto
-22.57745 38.51355 -22.64104 38.48721 -22.68793 38.44032 curveto
-22.73482 38.39343 -22.76115 38.32985 -22.76115 38.26355 curveto
-22.76115 38.19725 -22.73482 38.13367 -22.68793 38.08678 curveto
-22.64104 38.03989 -22.57745 38.01355 -22.51115 38.01355 curveto
-22.44485 38.01355 -22.38127 38.03989 -22.33438 38.08678 curveto
-22.28749 38.13367 -22.26115 38.19725 -22.26115 38.26355 curveto closepath
gsave fill grestore stroke
newpath -24.12883 35.02864 moveto
-24.12883 35.09494 -24.15517 35.15852 -24.20206 35.20541 curveto
-24.24895 35.2523 -24.31253 35.27864 -24.37883 35.27864 curveto
-24.44513 35.27864 -24.50871 35.2523 -24.5556 35.20541 curveto
-24.6025 35.15852 -24.62883 35.09494 -24.62883 35.02864 curveto
-24.62883 34.96234 -24.6025 34.89876 -24.5556 34.85187 curveto
-24.50871 34.80498 -24.44513 34.77864 -24.37883 34.77864 curveto
-24.31253 34.77864 -24.24895 34.80498 -24.20206 34.85187 curveto
-24.15517 34.89876 -24.12883 34.96234 -24.12883 35.02864 curveto closepath
gsave fill grestore stroke
newpath -25.9965 31.79373 moveto
-25.9965 31.86003 -26.02284 31.92361 -26.06973 31.9705 curveto
-26.11662 32.0174 -26.1802 32.04373 -26.2465 32.04373 curveto
-26.3128 32.04373 -26.37639 32.0174 -26.42328 31.9705 curveto
-26.47017 31.92361 -26.4965 31.86003 -26.4965 31.79373 curveto
-26.4965 31.72743 -26.47017 31.66385 -26.42328 31.61696 curveto
-26.37639 31.57007 -26.3128 31.54373 -26.2465 31.54373 curveto
-26.1802 31.54373 -26.11662 31.57007 -26.06973 31.61696 curveto
-26.02284 31.66385 -25.9965 31.72743 -25.9965 31.79373 curveto closepath
gsave fill grestore stroke
newpath -27.86418 28.55882 moveto
-27.86418 28.62512 -27.89052 28.6887 -27.93741 28.7356 curveto
-27.9843 28.78249 -28.04788 28.80882 -28.11418 28.80882 curveto
-28.18048 28.80882 -28.24406 28.78249 -28.29095 28.7356 curveto
-28.33784 28.6887 -28.36418 28.62512 -28.36418 28.55882 curveto
-28.36418 28.49252 -28.33784 28.42894 -28.29095 28.38205 curveto
-28.24406 28.33516 -28.18048 28.30882 -28.11418 28.30882 curveto
-28.04788 28.30882 -27.9843 28.33516 -27.93741 28.38205 curveto
-27.89052 28.42894 -27.86418 28.49252 -27.86418 28.55882 curveto closepath
gsave fill grestore stroke
 0 0.5 dtransform truncate idtransform setlinewidth pop
newpath -34.06151 26.04321 moveto
-25.9022 24.60461 lineto
2.56406 73.909 lineto
-2.76172 80.25598 lineto
 closepath stroke
 0 1.41733 dtransform truncate idtransform setlinewidth pop
newpath -45.28227 13.96085 moveto
-45.28227 14.02715 -45.30861 14.09073 -45.3555 14.13762 curveto
-45.40239 14.18451 -45.46597 14.21085 -45.53227 14.21085 curveto
-45.59857 14.21085 -45.66216 14.18451 -45.70905 14.13762 curveto
-45.75594 14.09073 -45.78227 14.02715 -45.78227 13.96085 curveto
-45.78227 13.89455 -45.75594 13.83096 -45.70905 13.78407 curveto
-45.66216 13.73718 -45.59857 13.71085 -45.53227 13.71085 curveto
-45.46597 13.71085 -45.40239 13.73718 -45.3555 13.78407 curveto
-45.30861 13.83096 -45.28227 13.89455 -45.28227 13.96085 curveto closepath
gsave fill grestore stroke
newpath -47.14995 10.72594 moveto
-47.14995 10.79224 -47.17628 10.85582 -47.22318 10.90271 curveto
-47.27007 10.9496 -47.33365 10.97594 -47.39995 10.97594 curveto
-47.46625 10.97594 -47.52983 10.9496 -47.57672 10.90271 curveto
-47.62361 10.85582 -47.64995 10.79224 -47.64995 10.72594 curveto
-47.64995 10.65964 -47.62361 10.59605 -47.57672 10.54916 curveto
-47.52983 10.50227 -47.46625 10.47594 -47.39995 10.47594 curveto
-47.33365 10.47594 -47.27007 10.50227 -47.22318 10.54916 curveto
-47.17628 10.59605 -47.14995 10.65964 -47.14995 10.72594 curveto closepath
gsave fill grestore stroke
newpath -49.01761 7.49103 moveto
-49.01761 7.55733 -49.04395 7.62091 -49.09084 7.6678 curveto
-49.13773 7.71469 -49.20131 7.74103 -49.26761 7.74103 curveto
-49.33391 7.74103 -49.39749 7.71469 -49.44438 7.6678 curveto
-49.49127 7.62091 -49.51761 7.55733 -49.51761 7.49103 curveto
-49.51761 7.42473 -49.49127 7.36115 -49.44438 7.31425 curveto
-49.39749 7.26736 -49.33391 7.24103 -49.26761 7.24103 curveto
-49.20131 7.24103 -49.13773 7.26736 -49.09084 7.31425 curveto
-49.04395 7.36115 -49.01761 7.42473 -49.01761 7.49103 curveto closepath
gsave fill grestore stroke
newpath -50.88528 4.25612 moveto
-50.88528 4.32242 -50.91162 4.386 -50.95851 4.43289 curveto
-51.0054 4.47978 -51.06898 4.50612 -51.13528 4.50612 curveto
-51.20158 4.50612 -51.26517 4.47978 -51.31206 4.43289 curveto
-51.35895 4.386 -51.38528 4.32242 -51.38528 4.25612 curveto
-51.38528 4.18982 -51.35895 4.12624 -51.31206 4.07935 curveto
-51.26517 4.03246 -51.20158 4.00612 -51.13528 4.00612 curveto
-51.06898 4.00612 -51.0054 4.03246 -50.95851 4.07935 curveto
-50.91162 4.12624 -50.88528 4.18982 -50.88528 4.25612 curveto closepath
gsave fill grestore stroke
newpath -52.75296 1.02121 moveto
-52.75296 1.08751 -52.7793 1.1511 -52.82619 1.19798 curveto
-52.87308 1.24487 -52.93666 1.27121 -53.00296 1.27121 curveto
-53.06926 1.27121 -53.13284 1.24487 -53.17973 1.19798 curveto
-53.22662 1.1511 -53.25296 1.08751 -53.25296 1.02121 curveto
-53.25296 0.95491 -53.22662 0.89133 -53.17973 0.84444 curveto
-53.13284 0.79755 -53.06926 0.77121 -53.00296 0.77121 curveto
-52.93666 0.77121 -52.87308 0.79755 -52.82619 0.84444 curveto
-52.7793 0.89133 -52.75296 0.95491 -52.75296 1.02121 curveto closepath
gsave fill grestore stroke
newpath -54.62064 -2.2137 moveto
-54.62064 -2.1474 -54.64697 -2.08382 -54.69386 -2.03693 curveto
-54.74075 -1.99004 -54.80434 -1.9637 -54.87064 -1.9637 curveto
-54.93694 -1.9637 -55.00052 -1.99004 -55.04741 -2.03693 curveto
-55.0943 -2.08382 -55.12064 -2.1474 -55.12064 -2.2137 curveto
-55.12064 -2.28 -55.0943 -2.34358 -55.04741 -2.39047 curveto
-55.00052 -2.43736 -54.93694 -2.4637 -54.87064 -2.4637 curveto
-54.80434 -2.4637 -54.74075 -2.43736 -54.69386 -2.39047 curveto
-54.64697 -2.34358 -54.62064 -2.28 -54.62064 -2.2137 curveto closepath
gsave fill grestore stroke
newpath -56.48831 -5.44861 moveto
-56.48831 -5.38231 -56.51465 -5.31873 -56.56154 -5.27184 curveto
-56.60843 -5.22495 -56.67201 -5.19861 -56.73831 -5.19861 curveto
-56.80461 -5.19861 -56.8682 -5.22495 -56.91508 -5.27184 curveto
-56.96198 -5.31873 -56.98831 -5.38231 -56.98831 -5.44861 curveto
-56.98831 -5.51491 -56.96198 -5.57849 -56.91508 -5.62538 curveto
-56.8682 -5.67227 -56.80461 -5.69861 -56.73831 -5.69861 curveto
-56.67201 -5.69861 -56.60843 -5.67227 -56.56154 -5.62538 curveto
-56.51465 -5.57849 -56.48831 -5.51491 -56.48831 -5.44861 curveto closepath
gsave fill grestore stroke
newpath -58.35599 -8.68352 moveto
-58.35599 -8.61722 -58.38232 -8.55363 -58.42921 -8.50674 curveto
-58.4761 -8.45985 -58.53969 -8.43352 -58.60599 -8.43352 curveto
-58.67229 -8.43352 -58.73587 -8.45985 -58.78276 -8.50674 curveto
-58.82965 -8.55363 -58.85599 -8.61722 -58.85599 -8.68352 curveto
-58.85599 -8.74982 -58.82965 -8.8134 -58.78276 -8.86029 curveto
-58.73587 -8.90718 -58.67229 -8.93352 -58.60599 -8.93352 curveto
-58.53969 -8.93352 -58.4761 -8.90718 -58.42921 -8.86029 curveto
-58.38232 -8.8134 -58.35599 -8.74982 -58.35599 -8.68352 curveto closepath
gsave fill grestore stroke
newpath -60.22366 -11.91843 moveto
-60.22366 -11.85213 -60.25 -11.78854 -60.29689 -11.74165 curveto
-60.34378 -11.69476 -60.40736 -11.66843 -60.47366 -11.66843 curveto
-60.53996 -11.66843 -60.60355 -11.69476 -60.65044 -11.74165 curveto
-60.69733 -11.78854 -60.72366 -11.85213 -60.72366 -11.91843 curveto
-60.72366 -11.98473 -60.69733 -12.04831 -60.65044 -12.0952 curveto
-60.60355 -12.14209 -60.53996 -12.16843 -60.47366 -12.16843 curveto
-60.40736 -12.16843 -60.34378 -12.14209 -60.29689 -12.0952 curveto
-60.25 -12.04831 -60.22366 -11.98473 -60.22366 -11.91843 curveto closepath
gsave fill grestore stroke
newpath -62.09134 -15.15335 moveto
-62.09134 -15.08705 -62.11768 -15.02347 -62.16457 -14.97658 curveto
-62.21146 -14.92969 -62.27504 -14.90335 -62.34134 -14.90335 curveto
-62.40764 -14.90335 -62.47122 -14.92969 -62.51811 -14.97658 curveto
-62.565 -15.02347 -62.59134 -15.08705 -62.59134 -15.15335 curveto
-62.59134 -15.21965 -62.565 -15.28323 -62.51811 -15.33012 curveto
-62.47122 -15.37701 -62.40764 -15.40335 -62.34134 -15.40335 curveto
-62.27504 -15.40335 -62.21146 -15.37701 -62.16457 -15.33012 curveto
-62.11768 -15.28323 -62.09134 -15.21965 -62.09134 -15.15335 curveto closepath
gsave fill grestore stroke
newpath -63.95901 -18.38826 moveto
-63.95901 -18.32196 -63.98535 -18.25838 -64.03224 -18.21149 curveto
-64.07913 -18.1646 -64.14272 -18.13826 -64.20901 -18.13826 curveto
-64.27531 -18.13826 -64.3389 -18.1646 -64.38579 -18.21149 curveto
-64.43268 -18.25838 -64.45901 -18.32196 -64.45901 -18.38826 curveto
-64.45901 -18.45456 -64.43268 -18.51814 -64.38579 -18.56503 curveto
-64.3389 -18.61192 -64.27531 -18.63826 -64.20901 -18.63826 curveto
-64.14272 -18.63826 -64.07913 -18.61192 -64.03224 -18.56503 curveto
-63.98535 -18.51814 -63.95901 -18.45456 -63.95901 -18.38826 curveto closepath
gsave fill grestore stroke
newpath -65.82669 -21.62317 moveto
-65.82669 -21.55687 -65.85303 -21.49329 -65.89992 -21.4464 curveto
-65.94681 -21.3995 -66.01039 -21.37317 -66.07669 -21.37317 curveto
-66.14299 -21.37317 -66.20657 -21.3995 -66.25346 -21.4464 curveto
-66.30035 -21.49329 -66.32669 -21.55687 -66.32669 -21.62317 curveto
-66.32669 -21.68947 -66.30035 -21.75305 -66.25346 -21.79994 curveto
-66.20657 -21.84683 -66.14299 -21.87317 -66.07669 -21.87317 curveto
-66.01039 -21.87317 -65.94681 -21.84683 -65.89992 -21.79994 curveto
-65.85303 -21.75305 -65.82669 -21.68947 -65.82669 -21.62317 curveto closepath
gsave fill grestore stroke
newpath -67.69437 -24.85808 moveto
-67.69437 -24.79178 -67.7207 -24.7282 -67.7676 -24.6813 curveto
-67.81448 -24.63441 -67.87807 -24.60808 -67.94437 -24.60808 curveto
-68.01067 -24.60808 -68.07425 -24.63441 -68.12114 -24.6813 curveto
-68.16803 -24.7282 -68.19437 -24.79178 -68.19437 -24.85808 curveto
-68.19437 -24.92438 -68.16803 -24.98796 -68.12114 -25.03485 curveto
-68.07425 -25.08174 -68.01067 -25.10808 -67.94437 -25.10808 curveto
-67.87807 -25.10808 -67.81448 -25.08174 -67.7676 -25.03485 curveto
-67.7207 -24.98796 -67.69437 -24.92438 -67.69437 -24.85808 curveto closepath
gsave fill grestore stroke
newpath -69.56204 -28.09299 moveto
-69.56204 -28.02669 -69.58838 -27.9631 -69.63527 -27.91621 curveto
-69.68216 -27.86932 -69.74574 -27.84299 -69.81204 -27.84299 curveto
-69.87834 -27.84299 -69.94193 -27.86932 -69.98882 -27.91621 curveto
-70.0357 -27.9631 -70.06204 -28.02669 -70.06204 -28.09299 curveto
-70.06204 -28.15929 -70.0357 -28.22287 -69.98882 -28.26976 curveto
-69.94193 -28.31665 -69.87834 -28.34299 -69.81204 -28.34299 curveto
-69.74574 -28.34299 -69.68216 -28.31665 -69.63527 -28.26976 curveto
-69.58838 -28.22287 -69.56204 -28.15929 -69.56204 -28.09299 curveto closepath
gsave fill grestore stroke
newpath -71.42972 -31.3279 moveto
-71.42972 -31.2616 -71.45605 -31.19801 -71.50294 -31.15112 curveto
-71.54984 -31.10423 -71.61342 -31.0779 -71.67972 -31.0779 curveto
-71.74602 -31.0779 -71.8096 -31.10423 -71.85649 -31.15112 curveto
-71.90338 -31.19801 -71.92972 -31.2616 -71.92972 -31.3279 curveto
-71.92972 -31.3942 -71.90338 -31.45778 -71.85649 -31.50467 curveto
-71.8096 -31.55156 -71.74602 -31.5779 -71.67972 -31.5779 curveto
-71.61342 -31.5779 -71.54984 -31.55156 -71.50294 -31.50467 curveto
-71.45605 -31.45778 -71.42972 -31.3942 -71.42972 -31.3279 curveto closepath
gsave fill grestore stroke
 0 0.5 dtransform truncate idtransform setlinewidth pop
newpath -70.8843 -37.7363 moveto
-76.21007 -31.38931 lineto
-47.74423 17.91507 lineto
-39.58495 16.47646 lineto
 closepath stroke
newpath 0 85.03935 moveto
-36.82323 21.25984 lineto
36.82323 21.25984 lineto
 closepath stroke
newpath -36.82323 21.25984 moveto
-73.64644 -42.51968 lineto
0 -42.51968 lineto
 closepath stroke
newpath 36.82323 21.25984 moveto
0 -42.51968 lineto
73.64644 -42.51968 lineto
 closepath stroke
newpath 0 -42.51968 moveto
36.82323 21.25984 lineto
-36.82323 21.25984 lineto
 closepath stroke
 0 1.41733 dtransform truncate idtransform setlinewidth pop
newpath 5.95207 67.37775 moveto
5.95207 67.44405 5.92574 67.50763 5.87885 67.55452 curveto
5.83195 67.60141 5.76837 67.62775 5.70207 67.62775 curveto
5.63577 67.62775 5.57219 67.60141 5.5253 67.55452 curveto
5.47841 67.50763 5.45207 67.44405 5.45207 67.37775 curveto
5.45207 67.31145 5.47841 67.24786 5.5253 67.20097 curveto
5.57219 67.15408 5.63577 67.12775 5.70207 67.12775 curveto
5.76837 67.12775 5.83195 67.15408 5.87885 67.20097 curveto
5.92574 67.24786 5.95207 67.31145 5.95207 67.37775 curveto closepath
gsave fill grestore stroke
newpath 7.81975 64.14284 moveto
7.81975 64.20914 7.79341 64.27272 7.74652 64.31961 curveto
7.69963 64.3665 7.63605 64.39284 7.56975 64.39284 curveto
7.50345 64.39284 7.43987 64.3665 7.39297 64.31961 curveto
7.34608 64.27272 7.31975 64.20914 7.31975 64.14284 curveto
7.31975 64.07654 7.34608 64.01295 7.39297 63.96606 curveto
7.43987 63.91917 7.50345 63.89284 7.56975 63.89284 curveto
7.63605 63.89284 7.69963 63.91917 7.74652 63.96606 curveto
7.79341 64.01295 7.81975 64.07654 7.81975 64.14284 curveto closepath
gsave fill grestore stroke
newpath 9.68742 60.90793 moveto
9.68742 60.97423 9.66109 61.03781 9.6142 61.0847 curveto
9.5673 61.13159 9.50372 61.15793 9.43742 61.15793 curveto
9.37112 61.15793 9.30754 61.13159 9.26065 61.0847 curveto
9.21376 61.03781 9.18742 60.97423 9.18742 60.90793 curveto
9.18742 60.84163 9.21376 60.77805 9.26065 60.73116 curveto
9.30754 60.68427 9.37112 60.65793 9.43742 60.65793 curveto
9.50372 60.65793 9.5673 60.68427 9.6142 60.73116 curveto
9.66109 60.77805 9.68742 60.84163 9.68742 60.90793 curveto closepath
gsave fill grestore stroke
newpath 11.5551 57.67302 moveto
11.5551 57.73932 11.52876 57.8029 11.48187 57.8498 curveto
11.43498 57.89668 11.3714 57.92302 11.3051 57.92302 curveto
11.2388 57.92302 11.17522 57.89668 11.12833 57.8498 curveto
11.08144 57.8029 11.0551 57.73932 11.0551 57.67302 curveto
11.0551 57.60672 11.08144 57.54314 11.12833 57.49625 curveto
11.17522 57.44936 11.2388 57.42302 11.3051 57.42302 curveto
11.3714 57.42302 11.43498 57.44936 11.48187 57.49625 curveto
11.52876 57.54314 11.5551 57.60672 11.5551 57.67302 curveto closepath
gsave fill grestore stroke
newpath 13.42278 54.43811 moveto
13.42278 54.50441 13.39644 54.568 13.34955 54.61488 curveto
13.30266 54.66177 13.23907 54.68811 13.17278 54.68811 curveto
13.10648 54.68811 13.0429 54.66177 12.996 54.61488 curveto
12.94911 54.568 12.92278 54.50441 12.92278 54.43811 curveto
12.92278 54.37181 12.94911 54.30823 12.996 54.26134 curveto
13.0429 54.21445 13.10648 54.18811 13.17278 54.18811 curveto
13.23907 54.18811 13.30266 54.21445 13.34955 54.26134 curveto
13.39644 54.30823 13.42278 54.37181 13.42278 54.43811 curveto closepath
gsave fill grestore stroke
newpath 15.29045 51.2032 moveto
15.29045 51.2695 15.26411 51.33308 15.21722 51.37997 curveto
15.17033 51.42686 15.10675 51.4532 15.04045 51.4532 curveto
14.97415 51.4532 14.91057 51.42686 14.86368 51.37997 curveto
14.81679 51.33308 14.79045 51.2695 14.79045 51.2032 curveto
14.79045 51.1369 14.81679 51.07332 14.86368 51.02643 curveto
14.91057 50.97954 14.97415 50.9532 15.04045 50.9532 curveto
15.10675 50.9532 15.17033 50.97954 15.21722 51.02643 curveto
15.26411 51.07332 15.29045 51.1369 15.29045 51.2032 curveto closepath
gsave fill grestore stroke
newpath 17.15813 47.96829 moveto
17.15813 48.03459 17.13179 48.09818 17.0849 48.14507 curveto
17.03801 48.19196 16.97443 48.21829 16.90813 48.21829 curveto
16.84183 48.21829 16.77824 48.19196 16.73135 48.14507 curveto
16.68446 48.09818 16.65813 48.03459 16.65813 47.96829 curveto
16.65813 47.902 16.68446 47.83841 16.73135 47.79152 curveto
16.77824 47.74463 16.84183 47.71829 16.90813 47.71829 curveto
16.97443 47.71829 17.03801 47.74463 17.0849 47.79152 curveto
17.13179 47.83841 17.15813 47.902 17.15813 47.96829 curveto closepath
gsave fill grestore stroke
newpath 19.0258 44.73338 moveto
19.0258 44.79968 18.99947 44.86327 18.95258 44.91016 curveto
18.90569 44.95705 18.8421 44.98338 18.7758 44.98338 curveto
18.7095 44.98338 18.64592 44.95705 18.59903 44.91016 curveto
18.55214 44.86327 18.5258 44.79968 18.5258 44.73338 curveto
18.5258 44.66708 18.55214 44.6035 18.59903 44.55661 curveto
18.64592 44.50972 18.7095 44.48338 18.7758 44.48338 curveto
18.8421 44.48338 18.90569 44.50972 18.95258 44.55661 curveto
18.99947 44.6035 19.0258 44.66708 19.0258 44.73338 curveto closepath
gsave fill grestore stroke
newpath 20.89348 41.49847 moveto
20.89348 41.56477 20.86714 41.62836 20.82025 41.67525 curveto
20.77336 41.72214 20.70978 41.74847 20.64348 41.74847 curveto
20.57718 41.74847 20.5136 41.72214 20.4667 41.67525 curveto
20.41982 41.62836 20.39348 41.56477 20.39348 41.49847 curveto
20.39348 41.43217 20.41982 41.36859 20.4667 41.3217 curveto
20.5136 41.27481 20.57718 41.24847 20.64348 41.24847 curveto
20.70978 41.24847 20.77336 41.27481 20.82025 41.3217 curveto
20.86714 41.36859 20.89348 41.43217 20.89348 41.49847 curveto closepath
gsave fill grestore stroke
newpath 22.76115 38.26355 moveto
22.76115 38.32985 22.73482 38.39343 22.68793 38.44032 curveto
22.64104 38.48721 22.57745 38.51355 22.51115 38.51355 curveto
22.44485 38.51355 22.38127 38.48721 22.33438 38.44032 curveto
22.28749 38.39343 22.26115 38.32985 22.26115 38.26355 curveto
22.26115 38.19725 22.28749 38.13367 22.33438 38.08678 curveto
22.38127 38.03989 22.44485 38.01355 22.51115 38.01355 curveto
22.57745 38.01355 22.64104 38.03989 22.68793 38.08678 curveto
22.73482 38.13367 22.76115 38.19725 22.76115 38.26355 curveto closepath
gsave fill grestore stroke
newpath 24.62883 35.02864 moveto
24.62883 35.09494 24.6025 35.15852 24.5556 35.20541 curveto
24.50871 35.2523 24.44513 35.27864 24.37883 35.27864 curveto
24.31253 35.27864 24.24895 35.2523 24.20206 35.20541 curveto
24.15517 35.15852 24.12883 35.09494 24.12883 35.02864 curveto
24.12883 34.96234 24.15517 34.89876 24.20206 34.85187 curveto
24.24895 34.80498 24.31253 34.77864 24.37883 34.77864 curveto
24.44513 34.77864 24.50871 34.80498 24.5556 34.85187 curveto
24.6025 34.89876 24.62883 34.96234 24.62883 35.02864 curveto closepath
gsave fill grestore stroke
newpath 26.4965 31.79373 moveto
26.4965 31.86003 26.47017 31.92361 26.42328 31.9705 curveto
26.37639 32.0174 26.3128 32.04373 26.2465 32.04373 curveto
26.1802 32.04373 26.11662 32.0174 26.06973 31.9705 curveto
26.02284 31.92361 25.9965 31.86003 25.9965 31.79373 curveto
25.9965 31.72743 26.02284 31.66385 26.06973 31.61696 curveto
26.11662 31.57007 26.1802 31.54373 26.2465 31.54373 curveto
26.3128 31.54373 26.37639 31.57007 26.42328 31.61696 curveto
26.47017 31.66385 26.4965 31.72743 26.4965 31.79373 curveto closepath
gsave fill grestore stroke
newpath 28.36418 28.55882 moveto
28.36418 28.62512 28.33784 28.6887 28.29095 28.7356 curveto
28.24406 28.78249 28.18048 28.80882 28.11418 28.80882 curveto
28.04788 28.80882 27.9843 28.78249 27.93741 28.7356 curveto
27.89052 28.6887 27.86418 28.62512 27.86418 28.55882 curveto
27.86418 28.49252 27.89052 28.42894 27.93741 28.38205 curveto
27.9843 28.33516 28.04788 28.30882 28.11418 28.30882 curveto
28.18048 28.30882 28.24406 28.33516 28.29095 28.38205 curveto
28.33784 28.42894 28.36418 28.49252 28.36418 28.55882 curveto closepath
gsave fill grestore stroke
 0 0.5 dtransform truncate idtransform setlinewidth pop
newpath 34.06151 26.04321 moveto
25.9022 24.60461 lineto
-2.56406 73.909 lineto
2.76172 80.25598 lineto
 closepath stroke
 0 1.41733 dtransform truncate idtransform setlinewidth pop
newpath -1.71672 73.84758 moveto
-1.71672 73.91388 -1.74306 73.97746 -1.78995 74.02435 curveto
-1.83684 74.07124 -1.90042 74.09758 -1.96672 74.09758 curveto
-2.03302 74.09758 -2.0966 74.07124 -2.1435 74.02435 curveto
-2.19038 73.97746 -2.21672 73.91388 -2.21672 73.84758 curveto
-2.21672 73.78128 -2.19038 73.7177 -2.1435 73.6708 curveto
-2.0966 73.62392 -2.03302 73.59758 -1.96672 73.59758 curveto
-1.90042 73.59758 -1.83684 73.62392 -1.78995 73.6708 curveto
-1.74306 73.7177 -1.71672 73.78128 -1.71672 73.84758 curveto closepath
gsave fill grestore stroke
newpath -3.5844 70.61266 moveto
-3.5844 70.67896 -3.61073 70.74254 -3.65762 70.78943 curveto
-3.70451 70.83632 -3.7681 70.86266 -3.8344 70.86266 curveto
-3.9007 70.86266 -3.96428 70.83632 -4.01117 70.78943 curveto
-4.05806 70.74254 -4.0844 70.67896 -4.0844 70.61266 curveto
-4.0844 70.54636 -4.05806 70.48277 -4.01117 70.43588 curveto
-3.96428 70.38899 -3.9007 70.36266 -3.8344 70.36266 curveto
-3.7681 70.36266 -3.70451 70.38899 -3.65762 70.43588 curveto
-3.61073 70.48277 -3.5844 70.54636 -3.5844 70.61266 curveto closepath
gsave fill grestore stroke
newpath -5.45207 67.37775 moveto
-5.45207 67.44405 -5.47841 67.50763 -5.5253 67.55452 curveto
-5.57219 67.60141 -5.63577 67.62775 -5.70207 67.62775 curveto
-5.76837 67.62775 -5.83195 67.60141 -5.87885 67.55452 curveto
-5.92574 67.50763 -5.95207 67.44405 -5.95207 67.37775 curveto
-5.95207 67.31145 -5.92574 67.24786 -5.87885 67.20097 curveto
-5.83195 67.15408 -5.76837 67.12775 -5.70207 67.12775 curveto
-5.63577 67.12775 -5.57219 67.15408 -5.5253 67.20097 curveto
-5.47841 67.24786 -5.45207 67.31145 -5.45207 67.37775 curveto closepath
gsave fill grestore stroke
newpath -7.31975 64.14284 moveto
-7.31975 64.20914 -7.34608 64.27272 -7.39297 64.31961 curveto
-7.43987 64.3665 -7.50345 64.39284 -7.56975 64.39284 curveto
-7.63605 64.39284 -7.69963 64.3665 -7.74652 64.31961 curveto
-7.79341 64.27272 -7.81975 64.20914 -7.81975 64.14284 curveto
-7.81975 64.07654 -7.79341 64.01295 -7.74652 63.96606 curveto
-7.69963 63.91917 -7.63605 63.89284 -7.56975 63.89284 curveto
-7.50345 63.89284 -7.43987 63.91917 -7.39297 63.96606 curveto
-7.34608 64.01295 -7.31975 64.07654 -7.31975 64.14284 curveto closepath
gsave fill grestore stroke
newpath -9.18742 60.90793 moveto
-9.18742 60.97423 -9.21376 61.03781 -9.26065 61.0847 curveto
-9.30754 61.13159 -9.37112 61.15793 -9.43742 61.15793 curveto
-9.50372 61.15793 -9.5673 61.13159 -9.6142 61.0847 curveto
-9.66109 61.03781 -9.68742 60.97423 -9.68742 60.90793 curveto
-9.68742 60.84163 -9.66109 60.77805 -9.6142 60.73116 curveto
-9.5673 60.68427 -9.50372 60.65793 -9.43742 60.65793 curveto
-9.37112 60.65793 -9.30754 60.68427 -9.26065 60.73116 curveto
-9.21376 60.77805 -9.18742 60.84163 -9.18742 60.90793 curveto closepath
gsave fill grestore stroke
newpath -11.0551 57.67302 moveto
-11.0551 57.73932 -11.08144 57.8029 -11.12833 57.8498 curveto
-11.17522 57.89668 -11.2388 57.92302 -11.3051 57.92302 curveto
-11.3714 57.92302 -11.43498 57.89668 -11.48187 57.8498 curveto
-11.52876 57.8029 -11.5551 57.73932 -11.5551 57.67302 curveto
-11.5551 57.60672 -11.52876 57.54314 -11.48187 57.49625 curveto
-11.43498 57.44936 -11.3714 57.42302 -11.3051 57.42302 curveto
-11.2388 57.42302 -11.17522 57.44936 -11.12833 57.49625 curveto
-11.08144 57.54314 -11.0551 57.60672 -11.0551 57.67302 curveto closepath
gsave fill grestore stroke
newpath -12.92278 54.43811 moveto
-12.92278 54.50441 -12.94911 54.568 -12.996 54.61488 curveto
-13.0429 54.66177 -13.10648 54.68811 -13.17278 54.68811 curveto
-13.23907 54.68811 -13.30266 54.66177 -13.34955 54.61488 curveto
-13.39644 54.568 -13.42278 54.50441 -13.42278 54.43811 curveto
-13.42278 54.37181 -13.39644 54.30823 -13.34955 54.26134 curveto
-13.30266 54.21445 -13.23907 54.18811 -13.17278 54.18811 curveto
-13.10648 54.18811 -13.0429 54.21445 -12.996 54.26134 curveto
-12.94911 54.30823 -12.92278 54.37181 -12.92278 54.43811 curveto closepath
gsave fill grestore stroke
newpath -14.79045 51.2032 moveto
-14.79045 51.2695 -14.81679 51.33308 -14.86368 51.37997 curveto
-14.91057 51.42686 -14.97415 51.4532 -15.04045 51.4532 curveto
-15.10675 51.4532 -15.17033 51.42686 -15.21722 51.37997 curveto
-15.26411 51.33308 -15.29045 51.2695 -15.29045 51.2032 curveto
-15.29045 51.1369 -15.26411 51.07332 -15.21722 51.02643 curveto
-15.17033 50.97954 -15.10675 50.9532 -15.04045 50.9532 curveto
-14.97415 50.9532 -14.91057 50.97954 -14.86368 51.02643 curveto
-14.81679 51.07332 -14.79045 51.1369 -14.79045 51.2032 curveto closepath
gsave fill grestore stroke
newpath -16.65813 47.96829 moveto
-16.65813 48.03459 -16.68446 48.09818 -16.73135 48.14507 curveto
-16.77824 48.19196 -16.84183 48.21829 -16.90813 48.21829 curveto
-16.97443 48.21829 -17.03801 48.19196 -17.0849 48.14507 curveto
-17.13179 48.09818 -17.15813 48.03459 -17.15813 47.96829 curveto
-17.15813 47.902 -17.13179 47.83841 -17.0849 47.79152 curveto
-17.03801 47.74463 -16.97443 47.71829 -16.90813 47.71829 curveto
-16.84183 47.71829 -16.77824 47.74463 -16.73135 47.79152 curveto
-16.68446 47.83841 -16.65813 47.902 -16.65813 47.96829 curveto closepath
gsave fill grestore stroke
newpath -18.5258 44.73338 moveto
-18.5258 44.79968 -18.55214 44.86327 -18.59903 44.91016 curveto
-18.64592 44.95705 -18.7095 44.98338 -18.7758 44.98338 curveto
-18.8421 44.98338 -18.90569 44.95705 -18.95258 44.91016 curveto
-18.99947 44.86327 -19.0258 44.79968 -19.0258 44.73338 curveto
-19.0258 44.66708 -18.99947 44.6035 -18.95258 44.55661 curveto
-18.90569 44.50972 -18.8421 44.48338 -18.7758 44.48338 curveto
-18.7095 44.48338 -18.64592 44.50972 -18.59903 44.55661 curveto
-18.55214 44.6035 -18.5258 44.66708 -18.5258 44.73338 curveto closepath
gsave fill grestore stroke
newpath -20.39348 41.49847 moveto
-20.39348 41.56477 -20.41982 41.62836 -20.4667 41.67525 curveto
-20.5136 41.72214 -20.57718 41.74847 -20.64348 41.74847 curveto
-20.70978 41.74847 -20.77336 41.72214 -20.82025 41.67525 curveto
-20.86714 41.62836 -20.89348 41.56477 -20.89348 41.49847 curveto
-20.89348 41.43217 -20.86714 41.36859 -20.82025 41.3217 curveto
-20.77336 41.27481 -20.70978 41.24847 -20.64348 41.24847 curveto
-20.57718 41.24847 -20.5136 41.27481 -20.4667 41.3217 curveto
-20.41982 41.36859 -20.39348 41.43217 -20.39348 41.49847 curveto closepath
gsave fill grestore stroke
-2.49065 -3.2102 moveto
(0) cmr10 9.96265 fshow
34.33258 -24.47005 moveto
(1) cmr10 9.96265 fshow
-39.31387 -24.47005 moveto
(2) cmr10 9.96265 fshow
-2.49065 39.30948 moveto
(3) cmr10 9.96265 fshow
 0 0.70866 dtransform truncate idtransform setlinewidth pop
newpath -97.71991 -71.81511 moveto
97.71991 -71.81511 lineto
97.71991 106.54921 lineto
-97.71991 106.54921 lineto
 closepath stroke
showpage
%%EOF
