%!PS
%%BoundingBox: -65 -65 65 65 
%%Creator: MetaPost
%%CreationDate: 2003.02.25:1619
%%Pages: 1
%%EndProlog
%%Page: 1 1
 0.75294 setgray
newpath -42.51968 -42.51968 moveto
42.51968 -42.51968 lineto
42.51968 42.51968 lineto
-42.51968 42.51968 lineto
 closepath fill
 0 setgray 0 0.5 dtransform truncate idtransform setlinewidth pop [] 0 setdash
 1 setlinejoin 10 setmiterlimit
newpath -42.51968 -42.51968 moveto
42.51968 -42.51968 lineto
42.51968 42.51968 lineto
-42.51968 42.51968 lineto
 closepath stroke
 1 setgray
newpath 42.51968 0 moveto
42.51968 5.58372 41.41988 11.11276 39.28304 16.27144 curveto
37.14616 21.43016 34.0141 26.11743 30.06577 30.06577 curveto
26.11745 34.01408 21.43016 37.14616 16.27144 39.28304 curveto
11.11276 41.41988 5.58372 42.51968 0 42.51968 curveto
-5.58372 42.51968 -11.11276 41.41988 -16.27144 39.28304 curveto
-21.43016 37.14616 -26.11743 34.0141 -30.06577 30.06577 curveto
-34.01408 26.11745 -37.14616 21.43016 -39.28304 16.27144 curveto
-41.41988 11.11276 -42.51968 5.58372 -42.51968 0 curveto
-42.51968 -5.58372 -41.41988 -11.11276 -39.28304 -16.27144 curveto
-37.14616 -21.43016 -34.0141 -26.11743 -30.06577 -30.06577 curveto
-26.11743 -34.0141 -21.43016 -37.14616 -16.27144 -39.28304 curveto
-11.11276 -41.41988 -5.58372 -42.51968 0 -42.51968 curveto
5.58372 -42.51968 11.11276 -41.41988 16.27144 -39.28304 curveto
21.43016 -37.14616 26.11743 -34.0141 30.06577 -30.06577 curveto
34.0141 -26.11743 37.14616 -21.43016 39.28304 -16.27144 curveto
41.41988 -11.11276 42.51968 -5.58372 42.51968 0 curveto closepath fill
 0 setgray
newpath 42.51968 0 moveto
42.51968 5.58372 41.41988 11.11276 39.28304 16.27144 curveto
37.14616 21.43016 34.0141 26.11743 30.06577 30.06577 curveto
26.11745 34.01408 21.43016 37.14616 16.27144 39.28304 curveto
11.11276 41.41988 5.58372 42.51968 0 42.51968 curveto
-5.58372 42.51968 -11.11276 41.41988 -16.27144 39.28304 curveto
-21.43016 37.14616 -26.11743 34.0141 -30.06577 30.06577 curveto
-34.01408 26.11745 -37.14616 21.43016 -39.28304 16.27144 curveto
-41.41988 11.11276 -42.51968 5.58372 -42.51968 0 curveto
-42.51968 -5.58372 -41.41988 -11.11276 -39.28304 -16.27144 curveto
-37.14616 -21.43016 -34.0141 -26.11743 -30.06577 -30.06577 curveto
-26.11743 -34.0141 -21.43016 -37.14616 -16.27144 -39.28304 curveto
-11.11276 -41.41988 -5.58372 -42.51968 0 -42.51968 curveto
5.58372 -42.51968 11.11276 -41.41988 16.27144 -39.28304 curveto
21.43016 -37.14616 26.11743 -34.0141 30.06577 -30.06577 curveto
34.0141 -26.11743 37.14616 -21.43016 39.28304 -16.27144 curveto
41.41988 -11.11276 42.51968 -5.58372 42.51968 0 curveto closepath stroke
 0 0.70866 dtransform truncate idtransform setlinewidth pop
newpath -64.02953 -64.02953 moveto
64.02953 -64.02953 lineto
64.02953 64.02953 lineto
-64.02953 64.02953 lineto
 closepath stroke
showpage
%%EOF
