%!PS
%%BoundingBox: 2 -8 126 95 
%%Creator: MetaPost
%%CreationDate: 2003.02.25:1619
%%Pages: 1
%*Font: cmmi10 9.96265 9.96265 65:8004
%%EndProlog
%%Page: 1 1
 0 0.8504 dtransform truncate idtransform setlinewidth pop
 [3 3 ] 0 setdash 1 setlinecap 1 setlinejoin 10 setmiterlimit
newpath 103.54309 71.73076 moveto
24.25253 47.57425 lineto
35.78947 14.41588 lineto
86.89362 28.98097 lineto
 closepath stroke
 0.75294 setgray
newpath 31.24442 27.47966 moveto
31.97844 25.40155 33.4809 23.70935 35.31628 22.48909 curveto
37.41302 21.0951 39.85333 20.35754 42.33672 19.95403 curveto
45.2623 19.47867 48.23813 19.46011 51.18936 19.72652 curveto
54.5116 20.02641 57.78922 20.68492 60.9966 21.60023 curveto
64.43413 22.58124 67.7811 23.85406 71.01103 25.38577 curveto
74.3094 26.94994 77.47636 28.77965 80.45322 30.89278 curveto
83.31952 32.92743 86.00021 35.2189 88.34692 37.83664 curveto
90.4371 40.16823 92.25327 42.75436 93.39415 45.67241 curveto
94.3604 48.14378 94.81143 50.84375 94.0356 53.38057 curveto
93.24077 55.9795 91.28226 58.00906 88.92177 59.36206 curveto
85.60571 61.26279 81.7381 61.7719 77.91943 61.76045 curveto
72.87961 61.74533 67.8907 60.8603 63.06844 59.39969 curveto
57.8537 57.8202 52.86345 55.57881 48.21094 52.74301 curveto
44.11723 50.2478 40.30347 47.30165 37.05505 43.77402 curveto
34.64018 41.15157 32.54803 38.20465 31.44122 34.8128 curveto
30.6616 32.42369 30.40753 29.84898 31.24442 27.47966 curveto closepath fill
 0 setgray 0 0.5 dtransform truncate idtransform setlinewidth pop [] 0 setdash
newpath 31.24442 27.47966 moveto
31.97844 25.40155 33.4809 23.70935 35.31628 22.48909 curveto
37.41302 21.0951 39.85333 20.35754 42.33672 19.95403 curveto
45.2623 19.47867 48.23813 19.46011 51.18936 19.72652 curveto
54.5116 20.02641 57.78922 20.68492 60.9966 21.60023 curveto
64.43413 22.58124 67.7811 23.85406 71.01103 25.38577 curveto
74.3094 26.94994 77.47636 28.77965 80.45322 30.89278 curveto
83.31952 32.92743 86.00021 35.2189 88.34692 37.83664 curveto
90.4371 40.16823 92.25327 42.75436 93.39415 45.67241 curveto
94.3604 48.14378 94.81143 50.84375 94.0356 53.38057 curveto
93.24077 55.9795 91.28226 58.00906 88.92177 59.36206 curveto
85.60571 61.26279 81.7381 61.7719 77.91943 61.76045 curveto
72.87961 61.74533 67.8907 60.8603 63.06844 59.39969 curveto
57.8537 57.8202 52.86345 55.57881 48.21094 52.74301 curveto
44.11723 50.2478 40.30347 47.30165 37.05505 43.77402 curveto
34.64018 41.15157 32.54803 38.20465 31.44122 34.8128 curveto
30.6616 32.42369 30.40753 29.84898 31.24442 27.47966 curveto closepath stroke
59.48987 34.28183 moveto
(e) cmmi10 9.96265 fshow
80.70633 68.50012 moveto
(r) cmmi10 9.96265 fshow
 0 0.70866 dtransform truncate idtransform setlinewidth pop
newpath 2.56749 -7.26917 moveto
125.22813 -7.26917 lineto
125.22813 94.04947 lineto
2.56749 94.04947 lineto
 closepath stroke
showpage
%%EOF
