%!PS
%%BoundingBox: -65 -150 249 150 
%%Creator: MetaPost
%%CreationDate: 2003.02.25:1619
%%Pages: 1
%*Font: cmmi10 9.96265 9.96265 63:c
%%EndProlog
%%Page: 1 1
 0 0.5 dtransform truncate idtransform setlinewidth pop [] 0 setdash
 1 setlinejoin 10 setmiterlimit
newpath 42.51968 0 moveto
42.51968 5.58372 41.41988 11.11276 39.28304 16.27144 curveto
37.14616 21.43016 34.0141 26.11743 30.06577 30.06577 curveto
26.11745 34.01408 21.43016 37.14616 16.27144 39.28304 curveto
11.11276 41.41988 5.58372 42.51968 0 42.51968 curveto
-5.58372 42.51968 -11.11276 41.41988 -16.27144 39.28304 curveto
-21.43016 37.14616 -26.11743 34.0141 -30.06577 30.06577 curveto
-34.01408 26.11745 -37.14616 21.43016 -39.28304 16.27144 curveto
-41.41988 11.11276 -42.51968 5.58372 -42.51968 0 curveto
-42.51968 -5.58372 -41.41988 -11.11276 -39.28304 -16.27144 curveto
-37.14616 -21.43016 -34.0141 -26.11743 -30.06577 -30.06577 curveto
-26.11743 -34.0141 -21.43016 -37.14616 -16.27144 -39.28304 curveto
-11.11276 -41.41988 -5.58372 -42.51968 0 -42.51968 curveto
5.58372 -42.51968 11.11276 -41.41988 16.27144 -39.28304 curveto
21.43016 -37.14616 26.11743 -34.0141 30.06577 -30.06577 curveto
34.0141 -26.11743 37.14616 -21.43016 39.28304 -16.27144 curveto
41.41988 -11.11276 42.51968 -5.58372 42.51968 0 curveto closepath stroke
newpath 226.7716 0 moveto
226.7716 16.48808 224.68507 32.91971 220.29832 48.81476 curveto
216.25586 63.46228 210.2829 77.54332 201.86423 90.19774 curveto
194.5691 101.16328 185.49138 110.9325 174.27557 117.8491 curveto
164.45442 123.90565 153.27316 127.55904 141.73225 127.55904 curveto
130.19135 127.55904 119.01009 123.90565 109.18893 117.8491 curveto
97.97313 110.9325 88.8954 101.16328 81.60028 90.19774 curveto
73.18161 77.54332 67.20865 63.46228 63.16618 48.81476 curveto
58.77943 32.91971 56.6929 16.48808 56.6929 0 curveto
56.6929 -16.48808 58.77943 -32.91971 63.16618 -48.81476 curveto
67.20865 -63.46228 73.18161 -77.54332 81.60028 -90.19774 curveto
88.8954 -101.16328 97.97313 -110.9325 109.18893 -117.8491 curveto
119.01009 -123.90565 130.19135 -127.55904 141.73225 -127.55904 curveto
153.27316 -127.55904 164.45442 -123.90565 174.27557 -117.8491 curveto
185.49138 -110.9325 194.5691 -101.16328 201.86423 -90.19774 curveto
210.2829 -77.54332 216.25586 -63.46228 220.29832 -48.81476 curveto
224.68507 -32.91971 226.7716 -16.48808 226.7716 0 curveto closepath stroke
-2.1557 -2.14476 moveto
(c) cmmi10 9.96265 fshow
139.13956 -3.45926 moveto
(d) cmmi10 9.96265 fshow
 0 0.70866 dtransform truncate idtransform setlinewidth pop
newpath -64.02953 -149.06888 moveto
248.28145 -149.06888 lineto
248.28145 149.06888 lineto
-64.02953 149.06888 lineto
 closepath stroke
showpage
%%EOF
