%!PS
%%BoundingBox: -155 -82 19 82 
%%Creator: MetaPost
%%CreationDate: 2003.02.25:1619
%%Pages: 1
%%EndProlog
%%Page: 1 1
 0.82745 setgray
newpath -75.59068 -18.89778 moveto
-70.5787 -23.90976 -63.78093 -26.72533 -56.6929 -26.72533 curveto
-49.60487 -26.72533 -42.8071 -23.90976 -37.79512 -18.89778 curveto
-32.78313 -13.8858 -29.96758 -7.08803 -29.96758 0 curveto
-29.96758 7.08803 -32.78314 13.8858 -37.79512 18.89778 curveto
-42.8071 23.90977 -49.60487 26.72533 -56.6929 26.72533 curveto
-63.78093 26.72533 -70.5787 23.90976 -75.59068 18.89778 curveto
-80.60268 13.8858 -83.41823 7.08803 -83.41823 0 curveto
-83.41823 -7.08803 -80.60266 -13.8858 -75.59068 -18.89778 curveto closepath
 fill
 0 setgray 0 0.5 dtransform truncate idtransform setlinewidth pop [] 0 setdash
 1 setlinejoin 10 setmiterlimit
newpath -75.59068 -18.89778 moveto
-70.5787 -23.90976 -63.78093 -26.72533 -56.6929 -26.72533 curveto
-49.60487 -26.72533 -42.8071 -23.90976 -37.79512 -18.89778 curveto
-32.78313 -13.8858 -29.96758 -7.08803 -29.96758 0 curveto
-29.96758 7.08803 -32.78314 13.8858 -37.79512 18.89778 curveto
-42.8071 23.90977 -49.60487 26.72533 -56.6929 26.72533 curveto
-63.78093 26.72533 -70.5787 23.90976 -75.59068 18.89778 curveto
-80.60268 13.8858 -83.41823 7.08803 -83.41823 0 curveto
-83.41823 -7.08803 -80.60266 -13.8858 -75.59068 -18.89778 curveto closepath
 stroke
 0.75294 setgray
newpath -113.3858 -11.33841 moveto
-98.20618 -12.40215 -83.25717 -16.03534 -68.03131 -16.03528 curveto
-52.80559 -16.03522 -37.85675 -12.40198 -22.67725 -11.33841 curveto
-13.59274 -10.70189 -3.89063 -8.04102 -3.89063 0 curveto
-3.89063 8.04102 -13.59273 10.7019 -22.67725 11.33841 curveto
-37.85675 12.40198 -52.80559 16.03522 -68.03131 16.03528 curveto
-83.25717 16.03534 -98.20618 12.40215 -113.3858 11.33841 curveto
-122.47011 10.70181 -132.17198 8.04088 -132.17198 0 curveto
-132.17198 -8.04088 -122.47011 -10.70181 -113.3858 -11.33841 curveto closepath
 fill
 0 setgray 0 1.41733 dtransform truncate idtransform setlinewidth pop
 [12 12 ] 0 setdash 1 setlinecap
newpath -113.3858 -11.33841 moveto
-98.20618 -12.40215 -83.25717 -16.03534 -68.03131 -16.03528 curveto
-52.80559 -16.03522 -37.85675 -12.40198 -22.67725 -11.33841 curveto
-13.59274 -10.70189 -3.89063 -8.04102 -3.89063 0 curveto
-3.89063 8.04102 -13.59273 10.7019 -22.67725 11.33841 curveto
-37.85675 12.40198 -52.80559 16.03522 -68.03131 16.03528 curveto
-83.25717 16.03534 -98.20618 12.40215 -113.3858 11.33841 curveto
-122.47011 10.70181 -132.17198 8.04088 -132.17198 0 curveto
-132.17198 -8.04088 -122.47011 -10.70181 -113.3858 -11.33841 curveto closepath
 stroke
 1 setgray
newpath -99.21259 -42.51968 moveto
-97.25635 -51.173 -93.2576 -60.13197 -85.03935 -60.13197 curveto
-76.8211 -60.13197 -72.82237 -51.173 -70.86613 -42.51968 curveto
-67.70189 -28.52281 -64.99536 -14.35873 -64.99536 0 curveto
-64.99536 14.35873 -67.70189 28.52281 -70.86613 42.51968 curveto
-72.82237 51.173 -76.8211 60.13197 -85.03935 60.13197 curveto
-93.2576 60.13197 -97.25635 51.173 -99.21259 42.51968 curveto
-102.37683 28.52281 -105.08334 14.35873 -105.08334 0 curveto
-105.08334 -14.35873 -102.37683 -28.52281 -99.21259 -42.51968 curveto closepath
 fill
 0 setgray 0 0.5 dtransform truncate idtransform setlinewidth pop [] 0 setdash
newpath -99.21259 -42.51968 moveto
-97.25635 -51.173 -93.2576 -60.13197 -85.03935 -60.13197 curveto
-76.8211 -60.13197 -72.82237 -51.173 -70.86613 -42.51968 curveto
-67.70189 -28.52281 -64.99536 -14.35873 -64.99536 0 curveto
-64.99536 14.35873 -67.70189 28.52281 -70.86613 42.51968 curveto
-72.82237 51.173 -76.8211 60.13197 -85.03935 60.13197 curveto
-93.2576 60.13197 -97.25635 51.173 -99.21259 42.51968 curveto
-102.37683 28.52281 -105.08334 14.35873 -105.08334 0 curveto
-105.08334 -14.35873 -102.37683 -28.52281 -99.21259 -42.51968 curveto closepath
 stroke
 0 0.70866 dtransform truncate idtransform setlinewidth pop
newpath -154.14049 -81.64182 moveto
18.0779 -81.64182 lineto
18.0779 81.64182 lineto
-154.14049 81.64182 lineto
 closepath stroke
showpage
%%EOF
