%!PS
%%BoundingBox: -65 -65 107 65 
%%Creator: MetaPost
%%CreationDate: 2003.02.25:1619
%%Pages: 1
%%EndProlog
%%Page: 1 1
 0 0.5 dtransform truncate idtransform setlinewidth pop [] 0 setdash
 1 setlinejoin 10 setmiterlimit
newpath 42.51968 0 moveto
42.51968 5.58372 41.41988 11.11276 39.28304 16.27144 curveto
37.14616 21.43016 34.0141 26.11743 30.06577 30.06577 curveto
26.11745 34.01408 21.43016 37.14616 16.27144 39.28304 curveto
11.11276 41.41988 5.58372 42.51968 0 42.51968 curveto
-5.58372 42.51968 -11.11276 41.41988 -16.27144 39.28304 curveto
-21.43016 37.14616 -26.11743 34.0141 -30.06577 30.06577 curveto
-34.01408 26.11745 -37.14616 21.43016 -39.28304 16.27144 curveto
-41.41988 11.11276 -42.51968 5.58372 -42.51968 0 curveto
-42.51968 -5.58372 -41.41988 -11.11276 -39.28304 -16.27144 curveto
-37.14616 -21.43016 -34.0141 -26.11743 -30.06577 -30.06577 curveto
-26.11743 -34.0141 -21.43016 -37.14616 -16.27144 -39.28304 curveto
-11.11276 -41.41988 -5.58372 -42.51968 0 -42.51968 curveto
5.58372 -42.51968 11.11276 -41.41988 16.27144 -39.28304 curveto
21.43016 -37.14616 26.11743 -34.0141 30.06577 -30.06577 curveto
34.0141 -26.11743 37.14616 -21.43016 39.28304 -16.27144 curveto
41.41988 -11.11276 42.51968 -5.58372 42.51968 0 curveto closepath stroke
 0.82745 setgray
newpath 85.03935 0 moveto
85.03935 5.58372 83.93956 11.11276 81.80272 16.27144 curveto
79.66586 21.43016 76.53378 26.11743 72.58545 30.06577 curveto
68.63713 34.01408 63.94984 37.14616 58.79112 39.28304 curveto
53.63245 41.41988 48.10341 42.51968 42.51968 42.51968 curveto
36.93596 42.51968 31.4069 41.41988 26.24823 39.28304 curveto
21.08951 37.14616 16.40224 34.0141 12.4539 30.06577 curveto
8.50557 26.11743 5.3735 21.43016 3.23663 16.27144 curveto
1.0998 11.11276 0 5.58372 0 0 curveto
0 -5.58372 1.0998 -11.11276 3.23663 -16.27144 curveto
5.37349 -21.43016 8.50557 -26.11743 12.4539 -30.06577 curveto
16.40222 -34.01408 21.08951 -37.14616 26.24823 -39.28304 curveto
31.4069 -41.41988 36.93596 -42.51968 42.51968 -42.51968 curveto
48.10341 -42.51968 53.63245 -41.41988 58.79112 -39.28304 curveto
63.94984 -37.14616 68.63713 -34.01408 72.58545 -30.06577 curveto
76.53378 -26.11743 79.66585 -21.43016 81.80272 -16.27144 curveto
83.93956 -11.11276 85.03935 -5.58372 85.03935 0 curveto closepath fill
 0 setgray 0 0.70866 dtransform truncate idtransform setlinewidth pop
newpath -64.02953 -64.02953 moveto
106.29921 -64.02953 lineto
106.29921 64.02953 lineto
-64.02953 64.02953 lineto
 closepath stroke
showpage
%%EOF
