%!PS
%%BoundingBox: -187 -232 -48 -59 
%%Creator: MetaPost
%%CreationDate: 2003.02.25:1619
%%Pages: 1
%*Font: cmmi10 9.96265 9.96265 63:8001
%%EndProlog
%%Page: 1 1
 0 0.5 dtransform truncate idtransform setlinewidth pop [] 0 setdash
 1 setlinejoin 10 setmiterlimit
newpath -164.55614 -191.4549 moveto
-96.02525 -200.66438 lineto
-86.3828 -81.45279 lineto
-149.18912 -81.45279 lineto
 closepath stroke
 1 setgray
newpath -70.78438 -154.68271 moveto
-70.32059 -147.20787 -70.98306 -139.6986 -72.91245 -132.46135 curveto
-74.65895 -125.91003 -77.42863 -119.6571 -81.40651 -114.16437 curveto
-84.90471 -109.33397 -89.28557 -105.1786 -94.50533 -102.28961 curveto
-99.2676 -99.65382 -104.58517 -98.16032 -110.02762 -98.05296 curveto
-115.47624 -97.94548 -120.84676 -99.22974 -125.77353 -101.55647 curveto
-131.09009 -104.06728 -135.76476 -107.72328 -139.74564 -112.04797 curveto
-144.10805 -116.78714 -147.58226 -122.25978 -150.23499 -128.12823 curveto
-153.06638 -134.39197 -154.93634 -141.04349 -155.87218 -147.85303 curveto
-156.82698 -154.80054 -156.80115 -161.8509 -155.7143 -168.77937 curveto
-154.66028 -175.4985 -152.6162 -182.03659 -149.41231 -188.03746 curveto
-146.42508 -193.63252 -142.46423 -198.67943 -137.45018 -202.5671 curveto
-132.74368 -206.2163 -127.23686 -208.73155 -121.34483 -209.60568 curveto
-115.35593 -210.49419 -109.2561 -209.64511 -103.63004 -207.41058 curveto
-97.41132 -204.94067 -91.98581 -200.88034 -87.45634 -195.95842 curveto
-82.43513 -190.50215 -78.59172 -184.09 -75.82857 -177.21074 curveto
-72.94186 -170.0239 -71.26398 -162.4124 -70.78438 -154.68271 curveto closepath
 fill
 0 setgray
newpath -70.78438 -154.68271 moveto
-70.32059 -147.20787 -70.98306 -139.6986 -72.91245 -132.46135 curveto
-74.65895 -125.91003 -77.42863 -119.6571 -81.40651 -114.16437 curveto
-84.90471 -109.33397 -89.28557 -105.1786 -94.50533 -102.28961 curveto
-99.2676 -99.65382 -104.58517 -98.16032 -110.02762 -98.05296 curveto
-115.47624 -97.94548 -120.84676 -99.22974 -125.77353 -101.55647 curveto
-131.09009 -104.06728 -135.76476 -107.72328 -139.74564 -112.04797 curveto
-144.10805 -116.78714 -147.58226 -122.25978 -150.23499 -128.12823 curveto
-153.06638 -134.39197 -154.93634 -141.04349 -155.87218 -147.85303 curveto
-156.82698 -154.80054 -156.80115 -161.8509 -155.7143 -168.77937 curveto
-154.66028 -175.4985 -152.6162 -182.03659 -149.41231 -188.03746 curveto
-146.42508 -193.63252 -142.46423 -198.67943 -137.45018 -202.5671 curveto
-132.74368 -206.2163 -127.23686 -208.73155 -121.34483 -209.60568 curveto
-115.35593 -210.49419 -109.2561 -209.64511 -103.63004 -207.41058 curveto
-97.41132 -204.94067 -91.98581 -200.88034 -87.45634 -195.95842 curveto
-82.43513 -190.50215 -78.59172 -184.09 -75.82857 -177.21074 curveto
-72.94186 -170.0239 -71.26398 -162.4124 -70.78438 -154.68271 curveto closepath
 stroke
-143.9623 -100.66702 moveto
(r) cmmi10 9.96265 fshow
-117.5649 -153.24567 moveto
(c) cmmi10 9.96265 fshow
 0 0.70866 dtransform truncate idtransform setlinewidth pop
newpath -186.06598 -231.4624 moveto
-49.13248 -231.4624 lineto
-49.13248 -59.94293 lineto
-186.06598 -59.94293 lineto
 closepath stroke
showpage
%%EOF
