%!PS
%%BoundingBox: -147 -193 -18 -37 
%%Creator: MetaPost
%%CreationDate: 2003.02.25:1619
%%Pages: 1
%*Font: cmmi10 9.96265 9.96265 65:801
%%EndProlog
%%Page: 1 1
 0.82745 setgray
newpath -41.60141 -95.23544 moveto
-43.05096 -89.97662 -45.33583 -84.9695 -48.60065 -80.59767 curveto
-51.42511 -76.8155 -54.93431 -73.58333 -59.0342 -71.242 curveto
-62.85483 -69.06015 -67.09209 -67.70984 -71.46864 -67.25967 curveto
-75.9397 -66.79979 -80.44875 -67.28835 -84.76859 -68.52657 curveto
-89.48741 -69.87915 -93.9029 -72.09966 -97.92622 -74.91031 curveto
-102.44756 -78.06883 -106.42354 -81.93327 -109.84422 -86.25867 curveto
-113.67496 -91.10255 -116.77519 -96.47784 -119.12941 -102.18668 curveto
-121.69067 -108.39757 -123.34633 -114.94664 -123.98631 -121.63463 curveto
-124.64803 -128.54974 -124.2144 -135.5395 -122.42097 -142.25215 curveto
-120.66862 -148.81107 -117.63448 -154.9981 -113.04973 -160.00848 curveto
-108.60869 -164.86183 -102.88724 -168.3971 -96.48416 -169.90828 curveto
-89.75003 -171.49759 -82.72038 -170.74968 -76.23126 -168.35161 curveto
-69.0763 -165.70747 -62.81363 -161.17543 -57.58003 -155.62996 curveto
-52.16162 -149.88866 -47.91864 -143.15526 -44.8852 -135.86798 curveto
-42.03737 -129.02658 -40.28752 -121.77443 -39.79126 -114.38019 curveto
-39.35901 -107.93973 -39.8858 -101.45949 -41.60141 -95.23544 curveto closepath
 fill
 0 setgray 0 2.12598 dtransform truncate idtransform setlinewidth pop
 [] 0 setdash 1 setlinecap 1 setlinejoin 10 setmiterlimit
newpath -41.60141 -95.23544 moveto
-42.92412 -89.93434 -45.30489 -84.95534 -48.60065 -80.59767 curveto
-51.44691 -76.83434 -54.93945 -73.58899 -59.0342 -71.242 curveto
-62.8518 -69.05388 -67.09146 -67.70798 -71.46864 -67.25967 curveto
-75.93976 -66.80174 -80.44868 -67.28897 -84.76859 -68.52657 curveto
-89.48764 -69.87851 -93.90312 -72.09924 -97.92622 -74.91031 curveto
-102.44717 -78.06924 -106.42244 -81.93423 -109.84422 -86.25867 curveto
-113.67639 -91.10173 -116.78085 -96.47517 -119.12941 -102.18668 curveto
-121.68396 -108.39915 -123.3201 -114.95056 -123.98631 -121.63463 curveto stroke
-83.71342 -110.13126 moveto
(e) cmmi10 9.96265 fshow
-87.27484 -63.58937 moveto
(p) cmmi10 9.96265 fshow
 0 0.70866 dtransform truncate idtransform setlinewidth pop
newpath -146.30914 -192.00793 moveto
-18.38782 -192.00793 lineto
-18.38782 -38.04001 lineto
-146.30914 -38.04001 lineto
 closepath stroke
showpage
%%EOF
