%!PS
%%BoundingBox: -69 -112 85 106 
%%Creator: MetaPost
%%CreationDate: 2003.02.25:1619
%%Pages: 1
%%EndProlog
%%Page: 1 1
 0.75294 setgray
newpath -28.34645 -56.6929 moveto
-22.87442 -70.89114 -14.45016 -85.43848 0 -85.03935 curveto
42.8151 -83.85678 11.88654 -25.06091 28.34645 0 curveto
35.80594 11.35739 51.14403 15.77519 56.6929 28.34645 curveto
73.45103 66.31284 11.37012 106.4852 -28.34645 56.6929 curveto
-53.4414 25.23157 -43.14113 -18.30524 -28.34645 -56.6929 curveto closepath fill
 0 setgray
newpath -24.99301 -53.71924 moveto
-27.4479 -52.30191 lineto
-31.69989 -59.66656 lineto
-27.71255 -70.0125 -22.15767 -80.5438 -13.84601 -85.3425 curveto
-11.39111 -86.75983 lineto
-8.29626 -88.54663 -4.81921 -89.53864 -0.89854 -89.43034 curveto
9.63634 -89.13936 15.70654 -85.36029 19.11656 -79.45395 curveto
23.36855 -72.0893 lineto
33.60681 -54.35606 19.86519 -17.44662 30.98227 1.80875 curveto
26.73029 -5.55591 lineto
26.95885 -5.16003 27.1979 -4.77162 27.4479 -4.39099 curveto
34.44115 6.25652 48.35886 10.80482 54.64345 21.69005 curveto
58.89543 29.0547 lineto
59.31444 29.78044 59.69951 30.53435 60.04634 31.32011 curveto
67.84828 48.99579 58.56207 67.14961 42.40005 76.48071 curveto
39.94516 77.89804 lineto
21.39206 88.60962 -6.22183 87.69482 -27.4479 61.0839 curveto
-29.58855 58.40019 -31.47163 55.62862 -33.11636 52.77986 curveto
-37.36835 45.4152 lineto
-55.00488 14.86784 -45.23256 -24.55344 -31.69989 -59.66656 curveto
-29.245 -61.0839 lineto
-24.99301 -53.71924 lineto
-38.52568 -18.60611 -48.298 20.81517 -30.66147 51.36253 curveto
-34.91345 43.99788 lineto
-33.26872 46.84663 -31.38564 49.61821 -29.245 52.30191 curveto
-8.01892 78.91284 19.59497 79.82764 38.14807 69.11606 curveto
35.69318 70.53339 lineto
51.8552 61.20229 61.1414 43.04846 53.33946 25.37279 curveto
52.99263 24.58702 52.60756 23.83311 52.18855 23.10738 curveto
56.44054 30.47203 lineto
50.15594 19.5868 36.23824 15.0385 29.245 4.39099 curveto
28.995 4.01036 28.75594 3.62195 28.52737 3.22607 curveto
24.27539 -4.13858 lineto
13.1583 -23.39395 26.89995 -60.30339 16.66167 -78.03662 curveto
20.91365 -70.67197 lineto
17.50363 -76.57831 11.43343 -80.35738 0.89854 -80.64836 curveto
-3.02213 -80.75665 -6.49918 -79.76465 -9.59402 -77.97784 curveto
-7.13913 -79.39517 lineto
-15.45079 -74.59647 -21.00568 -64.06517 -24.99301 -53.71924 curveto closepath
 fill
 0 0.70866 dtransform truncate idtransform setlinewidth pop [] 0 setdash
 1 setlinejoin 10 setmiterlimit
newpath -68.15994 -110.69823 moveto
84.11374 -110.69823 lineto
84.11374 105.5616 lineto
-68.15994 105.5616 lineto
 closepath stroke
showpage
%%EOF
