%!PS
%%BoundingBox: -279 -225 203 117 
%%Creator: MetaPost
%%CreationDate: 2003.02.25:1619
%%Pages: 1
%%EndProlog
%%Page: 1 1
 0 0.5 dtransform truncate idtransform setlinewidth pop [] 0 setdash
 1 setlinejoin 10 setmiterlimit
newpath -173.7362 -137.16039 moveto
-82.29623 -137.16039 lineto
-82.29623 -45.71999 lineto
-173.7362 -45.71999 lineto
 closepath stroke
newpath -256.46799 -202.47452 moveto
-256.46799 -67.4915 lineto
-173.7362 -45.71999 lineto
-173.7362 -137.16039 lineto
 closepath stroke
newpath -121.48497 -202.47452 moveto
-82.29623 -137.16039 lineto
-82.29623 -45.71999 lineto
-121.48497 -67.4915 lineto
 closepath stroke
newpath -121.48497 -67.4915 moveto
-82.29623 -45.71999 lineto
-173.7362 -45.71999 lineto
-256.46799 -67.4915 lineto
 closepath stroke
newpath -256.46799 -202.47452 moveto
-121.48497 -202.47452 lineto
-82.29623 -137.16039 lineto
-173.7362 -137.16039 lineto
 closepath stroke
newpath -256.46799 -202.47452 moveto
-121.48497 -202.47452 lineto
-121.48497 -67.4915 lineto
-256.46799 -67.4915 lineto
 closepath stroke
newpath -166.16904 -48.87315 moveto
-107.52109 -48.87315 lineto
-107.52109 48.87315 lineto
-166.16904 48.87315 lineto
 closepath stroke
newpath -209.51701 -61.62291 moveto
-209.51701 61.62291 lineto
-166.16904 48.87315 lineto
-166.16904 -48.87315 lineto
 closepath stroke
newpath -135.56996 -61.62291 moveto
-107.52109 -48.87315 lineto
-107.52109 48.87315 lineto
-135.56996 61.62291 lineto
 closepath stroke
newpath -135.56996 61.62291 moveto
-107.52109 48.87315 lineto
-166.16904 48.87315 lineto
-209.51701 61.62291 lineto
 closepath stroke
newpath -209.51701 -61.62291 moveto
-135.56996 -61.62291 lineto
-107.52109 -48.87315 lineto
-166.16904 -48.87315 lineto
 closepath stroke
newpath -209.51701 -61.62291 moveto
-135.56996 -61.62291 lineto
-135.56996 61.62291 lineto
-209.51701 61.62291 lineto
 closepath stroke
 1 setlinecap
newpath -111.36111 16.8731 moveto
-50.61885 16.8731 lineto stroke
newpath -50.61885 16.8731 moveto
-50.61885 17.53677 -50.62466 18.20045 -50.63615 18.86404 curveto
-50.64763 19.52669 -50.66478 20.18921 -50.68805 20.85153 curveto
-50.71112 21.50807 -50.7402 22.16438 -50.775 22.82042 curveto
-50.80923 23.46596 -50.84898 24.1112 -50.89523 24.756 curveto
-50.94035 25.38525 -50.99164 26.01404 -51.04922 26.64227 curveto
-51.10495 27.25032 -51.16656 27.85782 -51.2352 28.46454 curveto
-51.30101 29.04639 -51.37328 29.6275 -51.45277 30.20764 curveto
-51.52823 30.75827 -51.61018 31.308 -51.70018 31.85645 curveto
-51.78464 32.37119 -51.87617 32.88474 -51.97614 33.3967 curveto
-52.06865 33.87057 -52.1684 34.34303 -52.27805 34.81325 curveto
-52.37799 35.24184 -52.48618 35.6685 -52.60504 36.09224 curveto
-52.71136 36.47125 -52.8262 36.84785 -52.95366 37.22029 curveto
-53.06508 37.54587 -53.18608 37.86815 -53.32175 38.1844 curveto
-53.437 38.4531 -53.56277 38.7173 -53.70627 38.97205 curveto
-53.82433 39.18163 -53.95428 39.3846 -54.10463 39.5724 curveto
-54.22466 39.72234 -54.35759 39.86232 -54.51251 39.97595 curveto
-54.63715 40.06737 -54.7753 40.14081 -54.92644 40.17361 curveto
-55.06429 40.20354 -55.20738 40.19824 -55.34297 40.15935 curveto
-55.49666 40.11526 -55.6342 40.0302 -55.75734 39.92838 curveto
-55.91415 39.79869 -56.0468 39.64317 -56.16565 39.4781 curveto
-56.31767 39.26695 -56.44699 39.04068 -56.56357 38.80812 curveto
-56.70793 38.52016 -56.83263 38.22292 -56.94594 37.92142 curveto
-57.08163 37.56036 -57.20091 37.1934 -57.30927 36.82323 curveto
-57.43526 36.39278 -57.54643 35.95818 -57.64793 35.5213 curveto
-57.7631 35.02563 -57.86578 34.52718 -57.95892 34.0269 curveto
-58.06238 33.4712 -58.15404 32.9134 -58.23705 32.3543 curveto
-58.32764 31.74417 -58.40791 31.13255 -58.47969 30.51993 curveto
-58.55675 29.86217 -58.624 29.20331 -58.68298 28.54369 curveto
-58.7454 27.84557 -58.79861 27.14665 -58.84389 26.4472 curveto
-58.89116 25.71683 -58.9298 24.98593 -58.96066 24.2547 curveto
-58.9925 23.50064 -59.01605 22.74625 -59.0316 21.99168 curveto
-59.04744 21.22289 -59.05496 20.45395 -59.05496 19.68498 curveto
-59.05496 18.91084 -59.04733 18.1367 -59.0316 17.36272 curveto
-59.01595 16.59244 -58.99226 15.82236 -58.96066 15.05257 curveto
-58.92957 14.2954 -58.89081 13.53856 -58.84389 12.7822 curveto
-58.79828 12.0469 -58.74493 11.31212 -58.68298 10.57802 curveto
-58.62352 9.87337 -58.55609 9.1694 -58.47969 8.46638 curveto
-58.40727 7.80002 -58.3268 7.13452 -58.23705 6.47026 curveto
-58.1532 5.84958 -58.06126 5.23 -57.95892 4.61209 curveto
-57.86472 4.04321 -57.76169 3.4758 -57.64793 2.9105 curveto
-57.54503 2.39911 -57.43338 1.88948 -57.30927 1.38281 curveto
-57.19911 0.9331 -57.07918 0.48582 -56.94594 0.04239 curveto
-56.8304 -0.34215 -56.70488 -0.72366 -56.56357 -1.0995 curveto
-56.44434 -1.41663 -56.3139 -1.72954 -56.16565 -2.0342 curveto
-56.04443 -2.2833 -55.91138 -2.52667 -55.75734 -2.75696 curveto
-55.63559 -2.93896 -55.50084 -3.1125 -55.34297 -3.26433 curveto
-55.21988 -3.3827 -55.08296 -3.48734 -54.92644 -3.55585 curveto
-54.79596 -3.61296 -54.65468 -3.64337 -54.51251 -3.63414 curveto
-54.36803 -3.62476 -54.23 -3.57495 -54.10463 -3.50266 curveto
-53.95338 -3.41544 -53.82304 -3.29753 -53.70627 -3.16786 curveto
-53.55957 -3.00496 -53.43459 -2.82419 -53.32175 -2.63629 curveto
-53.18307 -2.40538 -53.06285 -2.16405 -52.95366 -1.91785 curveto
-52.82375 -1.62494 -52.70953 -1.32541 -52.60504 -1.0225 curveto
-52.48428 -0.67244 -52.37657 -0.31804 -52.27805 0.03893 curveto
-52.16696 0.44139 -52.06758 0.84697 -51.97614 1.25435 curveto
-51.8751 1.70445 -51.78378 2.15668 -51.70018 2.61034 curveto
-51.60928 3.10358 -51.52754 3.59843 -51.45277 4.09436 curveto
-51.37262 4.62602 -51.3005 5.15887 -51.2352 5.69257 curveto
-51.16605 6.2578 -51.10454 6.82393 -51.04922 7.39069 curveto
-50.99126 7.98468 -50.94006 8.57932 -50.89523 9.17445 curveto
-50.8487 9.79225 -50.809 10.41054 -50.775 11.02914 curveto
-50.73997 11.66597 -50.71097 12.30313 -50.68805 12.9405 curveto
-50.66464 13.5913 -50.64757 14.24228 -50.63615 14.89339 curveto
-50.62459 15.55322 -50.61885 16.21315 -50.61885 16.8731 curveto closepath
 stroke
newpath -111.36111 16.8731 moveto
-111.36111 17.53693 -111.37367 18.2007 -111.39919 18.86404 curveto
-111.4247 19.52722 -111.46315 20.18983 -111.51424 20.85153 curveto
-111.565 21.50899 -111.62822 22.16544 -111.70454 22.82042 curveto
-111.77992 23.46733 -111.86807 24.11269 -111.9697 24.756 curveto
-112.06938 25.38705 -112.18204 26.016 -112.30836 26.64227 curveto
-112.43147 27.25264 -112.56755 27.86032 -112.71797 28.46454 curveto
-112.86354 29.0493 -113.0225 29.63066 -113.19635 30.20764 curveto
-113.36336 30.76189 -113.54404 31.31194 -113.74048 31.85645 curveto
-113.92778 32.37564 -114.12933 32.88962 -114.34732 33.3967 curveto
-114.55339 33.87602 -114.77405 34.34898 -115.01213 34.81325 curveto
-115.23535 35.24852 -115.47374 35.6759 -115.73056 36.09224 curveto
-115.96944 36.47949 -116.22406 36.85689 -116.49788 37.22029 curveto
-116.75067 37.5558 -117.01956 37.879 -117.30801 38.1844 curveto
-117.57288 38.46483 -117.85382 38.72981 -118.15404 38.97205 curveto
-118.42996 39.19469 -118.72148 39.39754 -119.02992 39.5724 curveto
-119.31593 39.73456 -119.61548 39.87202 -119.92743 39.97595 curveto
-120.2231 40.07446 -120.52826 40.14226 -120.83833 40.17361 curveto
-121.14322 40.20445 -121.45068 40.19981 -121.75444 40.15935 curveto
-122.06622 40.11781 -122.37173 40.03886 -122.66621 39.92838 curveto
-122.98067 39.8104 -123.28053 39.65724 -123.56459 39.4781 curveto
-123.87592 39.28178 -124.16684 39.05519 -124.4396 38.80812 curveto
-124.74203 38.53416 -125.02127 38.23586 -125.28131 37.92142 curveto
-125.57 37.57233 -125.8345 37.20407 -126.07977 36.82323 curveto
-126.35077 36.40244 -126.59795 35.96687 -126.82588 35.5213 curveto
-127.07545 35.03342 -127.3017 34.53406 -127.5093 34.0269 curveto
-127.7343 33.47723 -127.93723 32.91884 -128.12175 32.3543 curveto
-128.31964 31.74887 -128.49626 31.13675 -128.65506 30.51993 curveto
-128.82349 29.8657 -128.9718 29.20651 -129.10231 28.54369 curveto
-129.23926 27.84818 -129.35654 27.14897 -129.45654 26.4472 curveto
-129.56036 25.71861 -129.64554 24.9875 -129.71347 24.2547 curveto
-129.78328 23.5017 -129.83487 22.74713 -129.86919 21.99168 curveto
-129.90408 21.22328 -129.92108 20.45418 -129.92108 19.68498 curveto
-129.92108 18.9106 -129.90384 18.13632 -129.86919 17.36272 curveto
-129.83464 16.5916 -129.78279 15.82133 -129.71347 15.05257 curveto
-129.64505 14.29391 -129.55963 13.53691 -129.45654 12.7822 curveto
-129.35582 12.04478 -129.23827 11.30975 -129.10231 10.57802 curveto
-128.97086 9.87051 -128.82222 9.1663 -128.65506 8.46638 curveto
-128.49504 7.79639 -128.31812 7.13052 -128.12175 6.47026 curveto
-127.93579 5.84502 -127.7325 5.22504 -127.5093 4.61209 curveto
-127.3001 4.0376 -127.0735 3.46953 -126.82588 2.9105 curveto
-126.59627 2.39217 -126.34872 1.8819 -126.07977 1.38281 curveto
-125.83293 0.92476 -125.56825 0.47647 -125.28131 0.04239 curveto
-125.02037 -0.35236 -124.74129 -0.73492 -124.4396 -1.0995 curveto
-124.16725 -1.42863 -123.87686 -1.74263 -123.56459 -2.0342 curveto
-123.28325 -2.29688 -122.98471 -2.54079 -122.66621 -2.75696 curveto
-122.37782 -2.9527 -122.07397 -3.12503 -121.75444 -3.26433 curveto
-121.45985 -3.39275 -121.15338 -3.49239 -120.83833 -3.55585 curveto
-120.5386 -3.61621 -120.23305 -3.64339 -119.92743 -3.63414 curveto
-119.62422 -3.62495 -119.32324 -3.57997 -119.02992 -3.50266 curveto
-118.72685 -3.42276 -118.43393 -3.30888 -118.15404 -3.16786 curveto
-117.85599 -3.01768 -117.57423 -2.83752 -117.30801 -2.63629 curveto
-117.01967 -2.41833 -116.75044 -2.17639 -116.49788 -1.91785 curveto
-116.22295 -1.6364 -115.96835 -1.33594 -115.73056 -1.0225 curveto
-115.47215 -0.68192 -115.23396 -0.32654 -115.01213 0.03893 curveto
-114.77242 0.43387 -114.55203 0.84018 -114.34732 1.25435 curveto
-114.12782 1.69843 -113.92647 2.15121 -113.74048 2.61034 curveto
-113.5426 3.0988 -113.3622 3.59412 -113.19635 4.09436 curveto
-113.02132 4.6223 -112.86258 5.1555 -112.71797 5.69257 curveto
-112.56656 6.2549 -112.43068 6.8213 -112.30836 7.39069 curveto
-112.18123 7.98248 -112.06879 8.57732 -111.9697 9.17445 curveto
-111.86745 9.79062 -111.77946 10.40906 -111.70454 11.02914 curveto
-111.62773 11.66486 -111.56468 12.30215 -111.51424 12.9405 curveto
-111.46286 13.59064 -111.42455 14.24173 -111.39919 14.89339 curveto
-111.37352 15.55298 -111.36111 16.21301 -111.36111 16.8731 curveto closepath
 stroke
newpath -113.74048 2.61034 moveto
-51.70018 2.61034 lineto stroke
newpath -113.74048 31.85645 moveto
-51.70018 31.85645 lineto stroke
newpath -119.92743 39.97595 moveto
-54.51251 39.97595 lineto stroke
newpath -119.92743 -3.63414 moveto
-54.51251 -3.63414 lineto stroke
newpath -126.82588 2.9105 moveto
-57.64793 2.9105 lineto stroke
newpath -126.82588 35.5213 moveto
-57.64793 35.5213 lineto stroke
newpath -129.92108 19.68498 moveto
-59.05496 19.68498 lineto stroke
newpath -222.72224 -134.98302 moveto
-246.16637 -149.19171 lineto stroke
newpath -212.83844 -158.84497 moveto
-235.24232 -175.56538 lineto stroke
newpath -188.97649 -168.72878 moveto
-208.86865 -186.48985 lineto stroke
newpath -165.11453 -158.84497 moveto
-182.49498 -175.56538 lineto stroke
newpath -155.23073 -134.98302 moveto
-155.23073 -133.8785 -155.2847 -132.77464 -155.39293 -131.67545 curveto
-155.50117 -130.57614 -155.66354 -129.48283 -155.87909 -128.39944 curveto
-156.0946 -127.31613 -156.36304 -126.24402 -156.68361 -125.18703 curveto
-157.00415 -124.13016 -157.37645 -123.08966 -157.7991 -122.06932 curveto
-158.22185 -121.04875 -158.69447 -120.04956 -159.21523 -119.07533 curveto
-159.7359 -118.10124 -160.30405 -117.15329 -160.91766 -116.2349 curveto
-161.53131 -115.31644 -162.1897 -114.42868 -162.89044 -113.57481 curveto
-163.59117 -112.72098 -164.33344 -111.90207 -165.11453 -111.12106 curveto
-165.89555 -110.34013 -166.71448 -109.59805 -167.56828 -108.89742 curveto
-168.42216 -108.1967 -169.3099 -107.5383 -170.22836 -106.92464 curveto
-171.14676 -106.31102 -172.09473 -105.7429 -173.0688 -105.22218 curveto
-174.0429 -104.70146 -175.0419 -104.22876 -176.06236 -103.80608 curveto
-177.08282 -103.38338 -178.1235 -103.01122 -179.18048 -102.69057 curveto
-180.23749 -102.3699 -181.30956 -102.10115 -182.3929 -101.88564 curveto
-183.47614 -101.67014 -184.56932 -101.50815 -185.66847 -101.3999 curveto
-186.76782 -101.29163 -187.87183 -101.23726 -188.97649 -101.23726 curveto
-190.08101 -101.23726 -191.18486 -101.29164 -192.28406 -101.3999 curveto
-193.38321 -101.50815 -194.4764 -101.67015 -195.55963 -101.88564 curveto
-196.64297 -102.10115 -197.71504 -102.3699 -198.77205 -102.69057 curveto
-199.82903 -103.01123 -200.86967 -103.38342 -201.89017 -103.80608 curveto
-202.91077 -104.22878 -203.90994 -104.70145 -204.88417 -105.22218 curveto
-205.85828 -105.74286 -206.80627 -106.31094 -207.72461 -106.92464 curveto
-208.64291 -107.5383 -209.53043 -108.19681 -210.38425 -108.89742 curveto
-211.23814 -109.5981 -212.05733 -110.34006 -212.83844 -111.12106 curveto
-213.61948 -111.902 -214.36148 -112.721 -215.06209 -113.57481 curveto
-215.76277 -114.42873 -216.42119 -115.31645 -217.03487 -116.2349 curveto
-217.6485 -117.15327 -218.21664 -118.10124 -218.73732 -119.07533 curveto
-219.25807 -120.04956 -219.73071 -121.04874 -220.15343 -122.06932 curveto
-220.57605 -123.08968 -220.94827 -124.13019 -221.26892 -125.18703 curveto
-221.58963 -126.24402 -221.85837 -127.31609 -222.07387 -128.39944 curveto
-222.28937 -129.48282 -222.45134 -130.57616 -222.5596 -131.67545 curveto
-222.66785 -132.77466 -222.72224 -133.8785 -222.72224 -134.98302 curveto
-222.72224 -136.08754 -222.66785 -137.19138 -222.5596 -138.29059 curveto
-222.45135 -139.38988 -222.28938 -140.48322 -222.07387 -141.56659 curveto
-221.85837 -142.64993 -221.58958 -143.722 -221.26892 -144.779 curveto
-220.94827 -145.836 -220.57611 -146.87666 -220.15343 -147.89714 curveto
-219.73074 -148.9176 -219.25804 -149.91661 -218.73732 -150.8907 curveto
-218.2166 -151.86476 -217.64848 -152.81274 -217.03487 -153.73114 curveto
-216.4212 -154.64958 -215.76279 -155.53732 -215.06209 -156.39122 curveto
-214.36147 -157.24503 -213.61943 -158.064 -212.83844 -158.84497 curveto
-212.05731 -159.6261 -211.23819 -160.36826 -210.38425 -161.06905 curveto
-209.53046 -161.7697 -208.64291 -162.42816 -207.72461 -163.04184 curveto
-206.80627 -163.65555 -205.85832 -164.22371 -204.88417 -164.74428 curveto
-203.90994 -165.26488 -202.91069 -165.73724 -201.89017 -166.15996 curveto
-200.86964 -166.58267 -199.82907 -166.95523 -198.77205 -167.2759 curveto
-197.71507 -167.59653 -196.64294 -167.86488 -195.55963 -168.0804 curveto
-194.47638 -168.29591 -193.38322 -168.45833 -192.28406 -168.56657 curveto
-191.18486 -168.67482 -190.08101 -168.72878 -188.97649 -168.72878 curveto
-187.87183 -168.72879 -186.76782 -168.67484 -185.66847 -168.56657 curveto
-184.5693 -168.45833 -183.47615 -168.29591 -182.3929 -168.0804 curveto
-181.30959 -167.86488 -180.23746 -167.59653 -179.18048 -167.2759 curveto
-178.12344 -166.95525 -177.08286 -166.5827 -176.06236 -166.15996 curveto
-175.04198 -165.73726 -174.0429 -165.26488 -173.0688 -164.74428 curveto
-172.09468 -164.22366 -171.14674 -163.65547 -170.22836 -163.04184 curveto
-169.30992 -162.42818 -168.42213 -161.7698 -167.56828 -161.06905 curveto
-166.71445 -160.3683 -165.89558 -159.62602 -165.11453 -158.84497 curveto
-164.33348 -158.06392 -163.59119 -157.24504 -162.89044 -156.39122 curveto
-162.18968 -155.53737 -161.5313 -154.6496 -160.91766 -153.73114 curveto
-160.30406 -152.81274 -159.73595 -151.86476 -159.21523 -150.8907 curveto
-158.6945 -149.91661 -158.22182 -148.91759 -157.7991 -147.89714 curveto
-157.37639 -146.87668 -157.00415 -145.83603 -156.68361 -144.779 curveto
-156.36307 -143.722 -156.09462 -142.64989 -155.87909 -141.56659 curveto
-155.66353 -140.4832 -155.50116 -139.3899 -155.39293 -138.29059 curveto
-155.2847 -137.19139 -155.23073 -136.08754 -155.23073 -134.98302 curveto
 closepath stroke
newpath -212.83844 -111.12106 moveto
-235.24232 -122.81804 lineto stroke
newpath -188.97649 -101.23726 moveto
-208.86865 -111.894 lineto stroke
newpath -165.11453 -111.12106 moveto
-182.49498 -122.81804 lineto stroke
newpath -155.23073 -134.98302 moveto
-171.57051 -149.19171 lineto stroke
newpath -171.57051 -149.19171 moveto
-171.57053 -147.97092 -171.63075 -146.75087 -171.75044 -145.53595 curveto
-171.87013 -144.321 -172.04913 -143.11263 -172.28722 -141.91522 curveto
-172.52527 -140.71796 -172.82211 -139.53313 -173.1765 -138.36499 curveto
-173.53093 -137.1967 -173.94247 -136.04651 -174.40965 -134.91856 curveto
-174.8768 -133.79065 -175.39902 -132.68634 -175.97455 -131.6097 curveto
-176.55006 -130.53305 -177.17819 -129.48538 -177.8565 -128.47037 curveto
-178.5348 -127.45535 -179.26248 -126.47418 -180.0369 -125.53046 curveto
-180.81139 -124.58664 -181.6317 -123.68138 -182.49498 -122.81804 curveto
-183.35818 -121.95477 -184.26328 -121.13445 -185.20695 -120.35995 curveto
-186.15065 -119.58546 -187.13177 -118.85774 -188.14688 -118.17957 curveto
-189.16202 -117.50136 -190.20992 -116.87352 -191.28664 -116.29805 curveto
-192.36322 -115.72266 -193.46733 -115.20033 -194.59508 -114.73314 curveto
-195.72299 -114.26588 -196.87318 -113.85434 -198.0415 -113.49998 curveto
-199.2098 -113.14563 -200.39478 -112.84889 -201.59216 -112.6107 curveto
-202.78955 -112.37251 -203.99791 -112.19318 -205.21289 -112.0735 curveto
-206.4278 -111.95384 -207.64786 -111.894 -208.86865 -111.894 curveto
-210.08945 -111.894 -211.30951 -111.95384 -212.52441 -112.0735 curveto
-213.7394 -112.19318 -214.94774 -112.37253 -216.14514 -112.6107 curveto
-217.34253 -112.84888 -218.52753 -113.14558 -219.6958 -113.49998 curveto
-220.86397 -113.85434 -222.014 -114.26595 -223.1418 -114.73314 curveto
-224.26967 -115.20036 -225.37396 -115.72264 -226.45067 -116.29805 curveto
-227.5274 -116.87347 -228.57529 -117.50136 -229.59042 -118.17957 curveto
-230.60553 -118.85776 -231.58665 -119.58546 -232.53035 -120.35995 curveto
-233.47403 -121.13443 -234.37914 -121.95476 -235.24232 -122.81804 curveto
-236.10559 -123.6814 -236.9259 -124.58665 -237.70041 -125.53046 curveto
-238.47485 -126.47418 -239.20256 -127.45529 -239.8808 -128.47037 curveto
-240.55899 -129.48537 -241.18689 -130.5331 -241.76231 -131.6097 curveto
-242.33778 -132.68639 -242.86008 -133.79065 -243.32722 -134.91856 curveto
-243.79439 -136.04651 -244.20587 -137.19673 -244.56036 -138.36499 curveto
-244.91483 -139.53314 -245.2119 -140.71794 -245.45009 -141.91522 curveto
-245.6883 -143.1126 -245.86731 -144.32098 -245.98686 -145.53595 curveto
-246.10641 -146.75087 -246.16635 -147.97092 -246.16637 -149.19171 curveto
-246.16638 -150.41264 -246.10645 -151.63284 -245.98686 -152.8479 curveto
-245.8673 -154.06273 -245.68825 -155.27097 -245.45009 -156.4682 curveto
-245.21188 -157.66562 -244.91484 -158.85057 -244.56036 -160.01886 curveto
-244.20589 -161.18713 -243.7944 -162.33734 -243.32722 -163.46529 curveto
-242.86006 -164.5932 -242.33778 -165.69748 -241.76231 -166.77415 curveto
-241.18689 -167.85075 -240.55898 -168.89847 -239.8808 -169.91348 curveto
-239.20258 -170.92856 -238.4749 -171.90971 -237.70041 -172.8534 curveto
-236.92592 -173.79707 -236.10556 -174.70215 -235.24232 -175.56538 curveto
-234.37909 -176.42862 -233.47403 -177.249 -232.53035 -178.02347 curveto
-231.58665 -178.79796 -230.60548 -179.5256 -229.59042 -180.20386 curveto
-228.57527 -180.88217 -227.52744 -181.51027 -226.45067 -182.0858 curveto
-225.374 -182.66127 -224.26968 -183.1835 -223.1418 -183.65071 curveto
-222.01399 -184.11789 -220.86397 -184.5295 -219.6958 -184.88387 curveto
-218.52753 -185.23827 -217.34253 -185.53497 -216.14514 -185.77315 curveto
-214.94774 -186.01132 -213.7394 -186.19067 -212.52441 -186.31035 curveto
-211.30951 -186.43001 -210.08945 -186.48985 -208.86865 -186.48985 curveto
-207.64786 -186.48985 -206.4278 -186.43001 -205.21289 -186.31035 curveto
-203.99791 -186.19067 -202.78955 -186.01134 -201.59216 -185.77315 curveto
-200.39478 -185.53496 -199.2098 -185.23822 -198.0415 -184.88387 curveto
-196.87318 -184.5295 -195.723 -184.11795 -194.59508 -183.65071 curveto
-193.46732 -183.18355 -192.36317 -182.66125 -191.28664 -182.0858 curveto
-190.2099 -181.51024 -189.16205 -180.88217 -188.14688 -180.20386 curveto
-187.13182 -179.52562 -186.15065 -178.79796 -185.20695 -178.02347 curveto
-184.26328 -177.249 -183.35822 -176.42862 -182.49498 -175.56538 curveto
-181.63174 -174.70215 -180.81137 -173.79709 -180.0369 -172.8534 curveto
-179.26242 -171.9097 -178.53479 -170.92851 -177.8565 -169.91348 curveto
-177.1782 -168.89845 -176.55006 -167.8508 -175.97455 -166.77415 curveto
-175.39902 -165.69751 -174.87682 -164.5932 -174.40965 -163.46529 curveto
-173.94247 -162.33734 -173.5309 -161.18715 -173.1765 -160.01886 curveto
-172.8221 -158.85059 -172.5253 -157.6656 -172.28722 -156.4682 curveto
-172.04918 -155.27095 -171.87013 -154.0627 -171.75044 -152.8479 curveto
-171.63072 -151.63284 -171.5705 -150.41266 -171.57051 -149.19171 curveto
 closepath stroke
newpath -51.50684 -53.57088 moveto
11.59619 -43.47903 lineto
56.94075 11.44568 lineto
-5.9616 14.62393 lineto
 closepath stroke
newpath 56.94075 -111.76727 moveto
11.59619 -43.47903 lineto
56.94075 11.44568 lineto
118.75267 -59.26906 lineto
 closepath stroke
newpath -5.9616 -142.8032 moveto
56.94075 -111.76727 lineto
11.59619 -43.47903 lineto
-51.50684 -53.57088 lineto
 closepath stroke
newpath -5.9616 -142.8032 moveto
56.94075 -111.76727 lineto
118.75267 -59.26906 lineto
61.8396 -79.74818 lineto
 closepath stroke
newpath 118.75267 -59.26906 moveto
56.94075 11.44568 lineto
-5.9616 14.62393 lineto
61.8396 -79.74818 lineto
 closepath stroke
newpath -5.9616 -142.8032 moveto
61.8396 -79.74818 lineto
-5.9616 14.62393 lineto
-51.50684 -53.57088 lineto
 closepath stroke
newpath 101.27922 26.45671 moveto
126.25754 22.8295 lineto stroke
newpath 131.81601 36.26958 moveto
132.26346 36.74045 132.73195 37.19084 133.21959 37.61995 curveto
133.71178 38.05305 134.22298 38.46404 134.75162 38.8518 curveto
135.28467 39.24281 135.8349 39.60982 136.40042 39.95216 curveto
136.96997 40.29697 137.5545 40.61642 138.15218 40.90979 curveto
138.75337 41.2049 139.36731 41.4733 139.99217 41.7143 curveto
140.61993 41.9564 141.2581 42.1706 141.90483 42.35619 curveto
142.55353 42.54234 143.21017 42.69952 143.87286 42.82721 curveto
144.53682 42.95514 145.20616 43.05333 145.87894 43.1209 curveto
146.5518 43.18848 147.2274 43.22534 147.90363 43.23119 curveto
148.5792 43.23701 149.25468 43.21187 149.92789 43.15506 curveto
150.5995 43.09839 151.26811 43.01025 151.93137 42.89035 curveto
152.59254 42.77081 153.24765 42.61983 153.89421 42.43706 curveto
154.53796 42.25508 155.17247 42.04184 155.79518 41.79735 curveto
156.41496 41.55402 157.02228 41.28003 157.61441 40.97554 curveto
158.20354 40.67259 158.77687 40.33984 159.33157 39.97768 curveto
159.88348 39.61732 160.41618 39.22835 160.92719 38.81201 curveto
161.43596 38.39749 161.92253 37.95642 162.38396 37.48976 curveto
162.84361 37.0249 163.2776 36.53534 163.68372 36.02304 curveto
164.0888 35.51202 164.46552 34.97914 164.81175 34.42656 curveto
165.15749 33.87476 165.47229 33.30415 165.75424 32.7172 curveto
166.03632 32.12999 166.28505 31.52736 166.4995 30.91223 curveto
166.71436 30.29594 166.89445 29.66808 167.03886 29.03159 curveto
167.18375 28.393 167.2925 27.74678 167.36499 27.096 curveto
167.43785 26.44194 167.474 25.78435 167.474 25.12625 curveto
167.47401 24.46399 167.43742 23.80225 167.36499 23.14395 curveto
167.29207 22.48123 167.18292 21.823 167.03886 21.17203 curveto
166.89369 20.51599 166.71327 19.86826 166.4995 19.23126 curveto
166.28409 18.5894 166.0351 17.9593 165.75424 17.34326 curveto
165.47133 16.72272 165.15643 16.11726 164.81175 15.52878 curveto
164.46475 14.93633 164.08798 14.36183 163.68372 13.80687 curveto
163.27711 13.2487 162.84319 12.71098 162.38396 12.19525 curveto
161.92258 11.67711 161.43622 11.18178 160.92719 10.71037 curveto
160.41682 10.23775 159.88423 9.78972 159.33157 9.36736 curveto
158.77805 8.94432 158.20497 8.54747 157.61441 8.17789 curveto
157.02412 7.80847 156.41699 7.4667 155.79518 7.15323 curveto
155.17484 6.8405 154.54054 6.55624 153.89421 6.30156 curveto
153.25049 6.0479 152.59552 5.8238 151.93137 5.62984 curveto
151.27126 5.43704 150.60275 5.27417 149.92789 5.14195 curveto
149.25806 5.01071 148.58263 4.9098 147.90363 4.84004 curveto
147.23083 4.77092 146.55524 4.73247 145.87894 4.72499 curveto
145.20953 4.71759 144.54012 4.74054 143.87286 4.79462 curveto
143.21332 4.84807 142.55656 4.93185 141.90483 5.04636 curveto
141.26094 5.15948 140.62263 5.30247 139.99217 5.47543 curveto
139.36974 5.64618 138.75563 5.84595 138.15218 6.07492 curveto
137.55641 6.30098 136.97173 6.55524 136.40042 6.83748 curveto
135.83632 7.11615 135.28593 7.42177 134.75162 7.75401 curveto
134.22385 8.08218 133.7124 8.43593 133.21959 8.81458 curveto
132.73218 9.18909 132.26358 9.5875 131.81601 10.0088 curveto
131.37291 10.4259 130.95096 10.86493 130.55215 11.32457 curveto
130.15674 11.78032 129.78459 12.25577 129.43752 12.74933 curveto
129.09274 13.23961 128.77315 13.74715 128.48032 14.27011 curveto
128.18877 14.7908 127.92412 15.32611 127.68748 15.87395 curveto
127.45154 16.42018 127.24374 16.97813 127.06508 17.54568 curveto
126.88641 18.1132 126.7371 18.68954 126.6174 19.27235 curveto
126.49751 19.85606 126.40746 20.44551 126.3475 21.03838 curveto
126.28732 21.63351 126.25754 22.23132 126.25754 22.8295 curveto
126.25754 23.43097 126.28767 24.03207 126.3475 24.63057 curveto
126.40778 25.23341 126.49812 25.83287 126.6174 26.42686 curveto
126.7377 27.02591 126.8873 27.6187 127.06508 28.20328 curveto
127.24454 28.79337 127.4525 29.3744 127.68748 29.94466 curveto
127.92493 30.52086 128.18968 31.08542 128.48032 31.63672 curveto
128.77393 32.1937 129.09363 32.7365 129.43752 33.26392 curveto
129.78519 33.79712 130.15724 34.31403 130.55215 34.81325 curveto
130.95113 35.31761 131.37303 35.80339 131.81601 36.26958 curveto closepath
 stroke
newpath 107.3416 11.62431 moveto
131.81601 10.0088 lineto stroke
newpath 107.3416 42.12305 moveto
131.81601 36.26958 lineto stroke
newpath 20.57817 -1.1008 moveto
57.60641 -0.94595 lineto
125.49109 78.65474 lineto
93.39026 94.63768 lineto
 closepath stroke
newpath 95.33363 -45.39342 moveto
57.60641 -0.94595 lineto
125.49109 78.65474 lineto
180.9517 34.95598 lineto
 closepath stroke
newpath 60.44643 -53.81094 moveto
95.33363 -45.39342 lineto
57.60641 -0.94595 lineto
20.57817 -1.1008 lineto
 closepath stroke
newpath 60.44643 -53.81094 moveto
95.33363 -45.39342 lineto
180.9517 34.95598 lineto
156.62521 43.25108 lineto
 closepath stroke
newpath 60.44643 -53.81094 moveto
156.62521 43.25108 lineto
93.39026 94.63768 lineto
20.57817 -1.1008 lineto
 closepath stroke
newpath 180.9517 34.95598 moveto
125.49109 78.65474 lineto
93.39026 94.63768 lineto
156.62521 43.25108 lineto
 closepath stroke
newpath 122.79555 5.51738 moveto
145.87894 4.72499 lineto stroke
newpath 122.79555 50.35544 moveto
145.87894 43.1209 lineto stroke
newpath 72.88 -93.1874 moveto
73.38042 -92.75531 73.87672 -92.31851 74.3679 -91.87596 curveto
74.8266 -91.46268 75.28079 -91.04442 75.7291 -90.61989 curveto
76.1417 -90.22917 76.54929 -89.83318 76.95013 -89.43042 curveto
77.31277 -89.06606 77.66986 -88.6962 78.01892 -88.31882 curveto
78.32816 -87.9845 78.63104 -87.64432 78.92378 -87.29544 curveto
79.17606 -86.9948 79.4207 -86.68777 79.65259 -86.37112 curveto
79.84563 -86.10753 80.02974 -85.83734 80.19629 -85.55623 curveto
80.3287 -85.33272 80.44995 -85.1024 80.54533 -84.86072 curveto
80.61742 -84.6781 80.67458 -84.48894 80.69153 -84.29323 curveto
80.70427 -84.14606 80.69347 -83.99559 80.62926 -83.86243 curveto
80.57045 -83.74046 80.47159 -83.64348 80.35416 -83.5761 curveto
80.20506 -83.49052 80.03424 -83.45601 79.86324 -83.44028 curveto
79.62799 -83.41864 79.39137 -83.43143 79.1569 -83.45975 curveto
78.84625 -83.49727 78.53973 -83.56186 78.23648 -83.63881 curveto
77.8554 -83.7355 77.47961 -83.85167 77.10757 -83.97879 curveto
76.65918 -84.132 76.21643 -84.30109 75.77753 -84.47966 curveto
75.2657 -84.6879 74.75923 -84.90901 74.25674 -85.13884 curveto
73.68575 -85.40001 73.11996 -85.6724 72.5582 -85.95287 curveto
71.93375 -86.26463 71.31432 -86.58633 70.69873 -86.91525 curveto
70.02692 -87.27422 69.35971 -87.64175 68.69655 -88.01648 curveto
67.9845 -88.41882 67.27716 -88.82945 66.57367 -89.2466 curveto
65.82938 -89.68796 65.08943 -90.13661 64.35349 -90.59177 curveto
63.5852 -91.06693 62.82132 -91.54916 62.0615 -92.03773 curveto
61.27855 -92.54118 60.49995 -93.05136 59.72539 -93.5676 curveto
58.93698 -94.09306 58.15276 -94.62479 57.37285 -95.16278 curveto
56.5885 -95.70386 55.80852 -96.25124 55.03284 -96.80467 curveto
54.262 -97.35466 53.49539 -97.9106 52.7335 -98.47295 curveto
51.98552 -99.02504 51.2421 -99.58331 50.50336 -100.14772 curveto
49.787 -100.695 49.07507 -101.24806 48.36838 -101.80777 curveto
47.69188 -102.34357 47.02019 -102.88544 46.35408 -103.4341 curveto
45.72519 -103.95212 45.10127 -104.47615 44.48337 -105.00722 curveto
43.90855 -105.50124 43.33897 -106.00131 42.77617 -106.50897 curveto
42.26138 -106.97333 41.7523 -107.44398 41.25105 -107.92291 curveto
40.80101 -108.35292 40.3573 -108.78954 39.92232 -109.23479 curveto
39.5405 -109.62563 39.16545 -110.02306 38.8012 -110.43031 curveto
38.48993 -110.77834 38.18663 -111.13347 37.89677 -111.49953 curveto
37.65752 -111.80168 37.42752 -112.11118 37.21466 -112.4325 curveto
37.04639 -112.6865 36.88892 -112.9478 36.7566 -113.2223 curveto
36.65744 -113.42807 36.57257 -113.64111 36.52304 -113.86418 curveto
36.48712 -114.026 36.4703 -114.19379 36.51094 -114.35468 curveto
36.54396 -114.48541 36.61377 -114.60442 36.71552 -114.69292 curveto
36.83147 -114.79378 36.97874 -114.84697 37.12903 -114.87848 curveto
37.33066 -114.92076 37.53761 -114.92537 37.74323 -114.91394 curveto
38.01369 -114.89891 38.28163 -114.85635 38.54686 -114.80148 curveto
38.87828 -114.73291 39.20535 -114.64517 39.52914 -114.54672 curveto
39.916 -114.4291 40.298 -114.29625 40.67665 -114.15442 curveto
41.1141 -113.99057 41.54695 -113.81479 41.97641 -113.63104 curveto
42.45938 -113.42441 42.93799 -113.20772 43.41328 -112.98398 curveto
43.93726 -112.73734 44.45717 -112.48213 44.97386 -112.22057 curveto
45.5337 -111.93715 46.08974 -111.64627 46.64258 -111.34944 curveto
47.23312 -111.03236 47.82 -110.70851 48.40385 -110.37927 curveto
49.02034 -110.03163 49.6334 -109.67801 50.24341 -109.31914 curveto
50.88045 -108.94437 51.51411 -108.56389 52.14482 -108.17854 curveto
52.79759 -107.77972 53.44717 -107.37572 54.09381 -106.96703 curveto
54.75725 -106.54771 55.41757 -106.12347 56.07481 -105.6945 curveto
56.74374 -105.25789 57.40945 -104.81639 58.07225 -104.37053 curveto
58.74182 -103.92012 59.4084 -103.46529 60.07184 -103.00589 curveto
60.73705 -102.54527 61.3991 -102.08008 62.05803 -101.61053 curveto
62.71388 -101.14317 63.36667 -100.67151 64.01611 -100.1953 curveto
64.65796 -99.72466 65.29654 -99.24959 65.9318 -98.7701 curveto
66.55472 -98.29991 67.17442 -97.82549 67.79039 -97.3462 curveto
68.38962 -96.87994 68.98529 -96.4091 69.57718 -95.93355 curveto
70.148 -95.47493 70.71527 -95.01193 71.27834 -94.54382 curveto
71.81633 -94.09656 72.35045 -93.64464 72.88 -93.1874 curveto closepath stroke
newpath 58.07225 -104.37053 moveto
70.43187 -122.65454 lineto stroke
newpath 139.52245 12.58151 moveto
160.92719 10.71037 lineto stroke
newpath 139.52245 45.59195 moveto
160.92719 38.81201 lineto stroke
newpath 72.88 -93.1874 moveto
85.9481 -111.30663 lineto stroke
newpath 146.86122 29.59128 moveto
167.474 25.12625 lineto stroke
newpath 43.41328 -112.98398 moveto
55.6332 -132.19362 lineto stroke
newpath 85.9481 -111.30663 moveto
86.48561 -110.88521 87.0211 -110.46123 87.5541 -110.0341 curveto
88.05106 -109.63585 88.54584 -109.2349 89.03769 -108.83037 curveto
89.48927 -108.45897 89.93837 -108.08456 90.38416 -107.70622 curveto
90.78607 -107.36511 91.18527 -107.02083 91.58054 -106.67203 curveto
91.92873 -106.36476 92.27383 -106.054 92.61429 -105.73819 curveto
92.9049 -105.46861 93.19212 -105.19536 93.47244 -104.91508 curveto
93.7015 -104.68607 93.92592 -104.4524 94.14372 -104.21265 curveto
94.31056 -104.02899 94.47368 -103.84158 94.61778 -103.63954 curveto
94.71683 -103.50067 94.80655 -103.35538 94.88596 -103.20442 curveto
94.93427 -103.11258 94.97778 -103.0103 94.93959 -102.91463 curveto
94.91158 -102.84448 94.84595 -102.79921 94.7735 -102.77664 curveto
94.6467 -102.73714 94.51259 -102.76471 94.38379 -102.79611 curveto
94.1761 -102.84676 93.9707 -102.90646 93.76872 -102.97647 curveto
93.4828 -103.07558 93.20454 -103.19502 92.92874 -103.31947 curveto
92.57149 -103.48067 92.21811 -103.65031 91.86774 -103.82597 curveto
91.43849 -104.04117 91.01384 -104.2653 90.59177 -104.49423 curveto
90.09486 -104.76375 89.60158 -105.03987 89.11078 -105.32037 curveto
88.54967 -105.64105 87.99184 -105.96742 87.43645 -106.2979 curveto
86.81653 -106.66675 86.19966 -107.0407 85.5852 -107.41858 curveto
84.91254 -107.83226 84.24278 -108.25063 83.57523 -108.6725 curveto
82.85704 -109.12637 82.14142 -109.58426 81.42813 -110.04579 curveto
80.67218 -110.53493 79.91885 -111.0281 79.16772 -111.52461 curveto
78.3828 -112.04346 77.60025 -112.56592 76.81993 -113.09167 curveto
76.01527 -113.63383 75.21298 -114.17949 74.41289 -114.72838 curveto
73.59813 -115.28732 72.78569 -115.84961 71.97557 -116.41527 curveto
71.1608 -116.98418 70.3484 -117.5565 69.53825 -118.13199 curveto
68.73343 -118.7037 67.93083 -119.27855 67.13078 -119.85692 curveto
66.34561 -120.42453 65.56291 -120.99554 64.78256 -121.56975 curveto
64.02654 -122.12607 63.27274 -122.68538 62.52171 -123.24841 curveto
61.80367 -123.78673 61.08815 -124.32843 60.37549 -124.87387 curveto
59.7038 -125.38795 59.03462 -125.90533 58.36853 -126.42665 curveto
57.75056 -126.9103 57.13524 -127.39731 56.52335 -127.88861 curveto
55.96526 -128.33672 55.41 -128.78838 54.85854 -129.24461 curveto
54.36578 -129.65228 53.87604 -130.0636 53.39095 -130.48035 curveto
52.96797 -130.84372 52.54855 -131.21123 52.134 -131.58418 curveto
51.78358 -131.89944 51.43666 -132.21861 51.09723 -132.5457 curveto
50.82191 -132.811 50.55159 -133.08147 50.28752 -133.35799 curveto
50.0857 -133.56934 49.88736 -133.78438 49.70837 -134.01544 curveto
49.58408 -134.1759 49.4695 -134.34358 49.36018 -134.51459 curveto
49.29344 -134.61899 49.22766 -134.73143 49.24167 -134.85455 curveto
49.24997 -134.9276 49.28723 -134.99492 49.3485 -135.03535 curveto
49.4428 -135.09761 49.56209 -135.08081 49.67332 -135.05914 curveto
49.8534 -135.02408 50.03229 -134.98276 50.20795 -134.92981 curveto
50.45876 -134.8542 50.70164 -134.75533 50.94238 -134.65213 curveto
51.25299 -134.519 51.5604 -134.37854 51.86497 -134.23215 curveto
52.23479 -134.0544 52.60033 -133.86792 52.96361 -133.6772 curveto
53.3867 -133.45508 53.80675 -133.2272 54.22444 -132.9951 curveto
54.6967 -132.73268 55.16594 -132.46484 55.6332 -132.19362 curveto
56.14961 -131.89384 56.6636 -131.58992 57.17561 -131.2827 curveto
57.73143 -130.94919 58.2849 -130.61182 58.83653 -130.27144 curveto
59.42665 -129.90732 60.01465 -129.53978 60.60083 -129.16934 curveto
61.22011 -128.778 61.83733 -128.38344 62.45294 -127.98637 curveto
63.0963 -127.57141 63.73788 -127.15372 64.3777 -126.73332 curveto
65.03998 -126.29817 65.70033 -125.86012 66.35913 -125.41972 curveto
67.03508 -124.96785 67.70938 -124.51349 68.3821 -124.05681 curveto
69.06702 -123.59184 69.75032 -123.12445 70.43187 -122.65454 curveto
71.12027 -122.1799 71.8069 -121.70267 72.49202 -121.2233 curveto
73.17888 -120.7427 73.86426 -120.25996 74.54784 -119.77473 curveto
75.22833 -119.29169 75.90707 -118.80615 76.58421 -118.3184 curveto
77.25313 -117.83656 77.9205 -117.35255 78.58597 -116.86597 curveto
79.23843 -116.38889 79.8891 -115.9093 80.53798 -115.42735 curveto
81.16895 -114.95871 81.79823 -114.4878 82.42555 -114.01427 curveto
83.03032 -113.55777 83.63324 -113.09885 84.23398 -112.63708 curveto
84.80743 -112.19629 85.37889 -111.7529 85.9481 -111.30663 curveto closepath
 stroke
newpath 80.54533 -84.86072 moveto
94.61778 -103.63954 lineto stroke
newpath 107.3416 42.12305 moveto
107.82951 42.67618 108.34155 43.20755 108.87622 43.71562 curveto
109.41353 44.22618 109.97318 44.71269 110.55357 45.17369 curveto
111.13626 45.63652 111.73929 46.07317 112.3607 46.48254 curveto
112.98419 46.8933 113.62561 47.2762 114.28331 47.62961 curveto
114.94247 47.98381 115.61731 48.308 116.30583 48.60109 curveto
116.99522 48.89455 117.69762 49.1565 118.41096 49.3857 curveto
119.12483 49.61507 119.8489 49.81139 120.58098 49.97351 curveto
121.31276 50.13557 122.05173 50.2633 122.79555 50.35544 curveto
123.53883 50.4475 124.28609 50.5039 125.03477 50.52412 curveto
125.78255 50.54431 126.53087 50.52837 127.27702 50.47525 curveto
128.02199 50.42221 128.76387 50.33218 129.4998 50.20491 curveto
130.23447 50.07787 130.96227 49.91386 131.68019 49.71269 curveto
132.3972 49.51176 133.1034 49.27403 133.79572 48.99988 curveto
134.48734 48.726 135.16415 48.41617 135.823 48.0708 curveto
136.48161 47.72556 137.12128 47.3453 137.73912 46.9315 curveto
138.35728 46.51747 138.95271 46.07043 139.52245 45.59195 curveto
140.09306 45.1127 140.63705 44.60263 141.1518 44.06381 curveto
141.66797 43.52348 142.15396 42.9551 142.6077 42.36137 curveto
143.06314 41.76543 143.48541 41.14485 143.87242 40.50235 curveto
144.26134 39.85667 144.61401 39.18988 144.92953 38.50534 curveto
145.24695 37.81671 145.52626 37.11118 145.76648 36.39198 curveto
146.00832 35.66795 146.21013 34.93118 146.37202 34.18521 curveto
146.53508 33.43384 146.6574 32.6742 146.73882 31.90965 curveto
146.82082 31.13959 146.86122 30.36569 146.86122 29.59128 curveto
146.86122 28.81126 146.82024 28.03178 146.73882 27.25604 curveto
146.65683 26.47499 146.53395 25.69878 146.37202 24.93031 curveto
146.20909 24.15714 146.00684 23.39276 145.76648 22.64005 curveto
145.52496 21.88371 145.24532 21.14009 144.92953 20.41164 curveto
144.61263 19.68057 144.2597 18.96565 143.87242 18.2693 curveto
143.48424 17.57132 143.06198 16.89287 142.6077 16.23598 curveto
142.15326 15.57886 141.6673 14.94409 141.1518 14.3337 curveto
140.6369 13.72401 140.09312 13.13931 139.52245 12.58151 curveto
138.95341 12.02533 138.35828 11.49649 137.73912 10.9967 curveto
137.12285 10.49924 136.48347 10.03108 135.823 9.59401 curveto
135.16663 9.15965 134.49013 8.75648 133.79572 8.38594 curveto
133.10669 8.01828 132.40077 7.68317 131.68019 7.38203 curveto
130.96628 7.0837 130.23875 6.81903 129.4998 6.58963 curveto
128.76843 6.36258 128.0267 6.17032 127.27702 6.01393 curveto
126.5357 5.85928 125.78746 5.73988 125.03477 5.65666 curveto
124.29102 5.57442 123.54376 5.52757 122.79555 5.51738 curveto
122.05653 5.50731 121.31746 5.53299 120.58098 5.5948 curveto
119.85336 5.65588 119.12912 5.75217 118.41096 5.88417 curveto
117.70154 6.01457 116.99893 6.17966 116.30583 6.37943 curveto
115.6206 6.57693 114.94551 6.80809 114.28331 7.07277 curveto
113.62813 7.33464 112.98639 7.629 112.3607 7.95514 curveto
111.74095 8.27818 111.13774 8.63203 110.55357 9.0157 curveto
109.97417 9.39626 109.41422 9.80565 108.87622 10.2428 curveto
108.3417 10.67712 107.82954 11.13824 107.3416 11.62431 curveto
106.85616 12.1079 106.39528 12.61555 105.96095 13.14552 curveto
105.52794 13.67389 105.12186 14.22377 104.74423 14.79305 curveto
104.36719 15.36147 104.01898 15.94852 103.70053 16.55173 curveto
103.38196 17.15514 103.09354 17.77399 102.83633 18.40599 curveto
102.5787 19.03905 102.35272 19.68452 102.15855 20.33984 curveto
101.96375 20.99734 101.8012 21.66397 101.6711 22.33728 curveto
101.5404 23.01369 101.44261 23.69603 101.3774 24.38185 curveto
101.31181 25.07152 101.27922 25.76393 101.27922 26.45671 curveto
101.27922 27.15395 101.31224 27.8508 101.3774 28.54498 curveto
101.44302 29.24423 101.54118 29.94002 101.6711 30.63022 curveto
101.80194 31.32547 101.96486 32.01428 102.15855 32.6947 curveto
102.35373 33.38036 102.57996 34.0568 102.83633 34.72198 curveto
103.09465 35.39221 103.38332 36.05032 103.70053 36.69476 curveto
104.02011 37.344 104.36838 37.9787 104.74423 38.59705 curveto
105.12273 39.21973 105.52882 39.82521 105.96095 40.41194 curveto
106.39578 41.00233 106.85655 41.57317 107.3416 42.12305 curveto closepath
 stroke
newpath 36.51094 -114.35468 moveto
49.24167 -134.85455 lineto stroke
newpath 75.77753 -84.47966 moveto
90.59177 -104.49423 lineto stroke
newpath 42.77617 -106.50897 moveto
56.52335 -127.88861 lineto stroke
newpath 59.72539 -93.5676 moveto
74.41289 -114.72838 lineto stroke
 0 0.70866 dtransform truncate idtransform setlinewidth pop
newpath -277.97783 -223.98436 moveto
202.46156 -223.98436 lineto
202.46156 116.14754 lineto
-277.97783 116.14754 lineto
 closepath stroke
showpage
%%EOF
