!! START HERE!: LDF 2022.04.03.  Check the paths.


Before resolve:  q:
path:
points.size() == 32
connector_type_vector.size() == 1
points:
(4.00000000, 0.00000000, 0.00000000) .. (3.92314100, 0.78036129, 0.00000000) .. 
(3.69551802, 1.53073382, 0.00000000) .. (3.32587838, 2.22228098, 0.00000000) .. 
(2.82842708, 2.82842708, 0.00000000) .. (2.22228074, 3.32587862, 0.00000000) .. 
(1.53073370, 3.69551802, 0.00000000) .. (0.78036094, 3.92314124, 0.00000000) .. 
(0.00000000, 4.00000000, 0.00000000) .. (-0.78036129, 3.92314100, 0.00000000) .. 
(-1.53073406, 3.69551802, 0.00000000) .. (-2.22228146, 3.32587814, 0.00000000) .. 
(-2.82842708, 2.82842708, 0.00000000) .. (-3.32587862, 2.22228074, 0.00000000) .. 
(-3.69551849, 1.53073311, 0.00000000) .. (-3.92314124, 0.78036124, 0.00000000) .. 
(-4.00000000, 0.00000000, 0.00000000) .. (-3.92314100, -0.78036195, 0.00000000) .. 
(-3.69551802, -1.53073370, 0.00000000) .. (-3.32587814, -2.22228122, 0.00000000) .. 
(-2.82842660, -2.82842755, 0.00000000) .. (-2.22228003, -3.32587910, 0.00000000) .. 
(-1.53073251, -3.69551873, 0.00000000) .. (-0.78036153, -3.92314100, 0.00000000) .. 
(0.00000000, -4.00000000, 0.00000000) .. (0.78036165, -3.92314100, 0.00000000) .. 
(1.53073442, -3.69551778, 0.00000000) .. (2.22228169, -3.32587790, 0.00000000) .. 
(2.82842803, -2.82842612, 0.00000000) .. (3.32587838, -2.22228122, 0.00000000) .. 
(3.69551826, -1.53073370, 0.00000000) .. (3.92314124, -0.78036094, 0.00000000) .. cycle;

q_begin:
points.size() == 2
connector_type_vector.size() == 2
points:
(4.00000000, 0.00000000, 0.00000000) .. (3.92314100, 0.78036129, 0.00000000);

q_middle:
connector_type_vector.size() == 15
points:
(3.69551897, 1.53072965, 0.00000000)  (3.63254786, 1.67469001, 0.00000000)  
(3.56401277, 1.81598556, 0.00000000)  (3.48999929, 1.95445573, 0.00000000)  
(3.41059279, 2.08994055, 0.00000000)  (3.32587910, 2.22227931, 0.00000000)  
(3.23603344, 2.35118937, 0.00000000)  (3.14125061, 2.47639966, 0.00000000)  
(3.04164529, 2.59777021, 0.00000000)  (2.93733335, 2.71516013, 0.00000000)  
(2.82842922, 2.82842922, 0.00000000)  (2.71516037, 2.93733358, 0.00000000)  
(2.59777069, 3.04164600, 0.00000000)  (2.47640014, 3.14125109, 0.00000000)  
(2.35118961, 3.23603415, 0.00000000);

q_end:
points.size() == 26
connector_type_vector.size() == 26
points:
(1.53073370, 3.69551802, 0.00000000) .. (0.78036094, 3.92314124, 0.00000000) .. 
(0.00000000, 4.00000000, 0.00000000) .. (-0.78036129, 3.92314100, 0.00000000) .. 
(-1.53073406, 3.69551802, 0.00000000) .. (-2.22228146, 3.32587814, 0.00000000) .. 
(-2.82842708, 2.82842708, 0.00000000) .. (-3.32587862, 2.22228074, 0.00000000) .. 
(-3.69551849, 1.53073311, 0.00000000) .. (-3.92314124, 0.78036124, 0.00000000) .. 
(-4.00000000, 0.00000000, 0.00000000) .. (-3.92314100, -0.78036195, 0.00000000) .. 
(-3.69551802, -1.53073370, 0.00000000) .. (-3.32587814, -2.22228122, 0.00000000) .. 
(-2.82842660, -2.82842755, 0.00000000) .. (-2.22228003, -3.32587910, 0.00000000) .. 
(-1.53073251, -3.69551873, 0.00000000) .. (-0.78036153, -3.92314100, 0.00000000) .. 
(0.00000000, -4.00000000, 0.00000000) .. (0.78036165, -3.92314100, 0.00000000) .. 
(1.53073442, -3.69551778, 0.00000000) .. (2.22228169, -3.32587790, 0.00000000) .. 
(2.82842803, -2.82842612, 0.00000000) .. (3.32587838, -2.22228122, 0.00000000) .. 
(3.69551826, -1.53073370, 0.00000000) .. (3.92314124, -0.78036094, 0.00000000);

After resolve:  q:
points.size() == 43
connector_type_vector.size() == 43
points:
(4.00000000, 0.00000000, 0.00000000) .. (3.92314100, 0.78036129, 0.00000000) -- 

(3.69551897, 1.53072965, 0.00000000)  (3.63254786, 1.67469001, 0.00000000)  
(3.56401277, 1.81598556, 0.00000000)  (3.48999929, 1.95445573, 0.00000000)  
(3.41059279, 2.08994055, 0.00000000)  (3.32587910, 2.22227931, 0.00000000)  
(3.23603344, 2.35118937, 0.00000000)  (3.14125061, 2.47639966, 0.00000000)  
(3.04164529, 2.59777021, 0.00000000)  (2.93733335, 2.71516013, 0.00000000)  
(2.82842922, 2.82842922, 0.00000000)  (2.71516037, 2.93733358, 0.00000000)  
(2.59777069, 3.04164600, 0.00000000)  (2.47640014, 3.14125109, 0.00000000)  
(2.35118961, 3.23603415, 0.00000000) --


(1.53073370, 3.69551802, 0.00000000) .. 
(0.78036094, 3.92314124, 0.00000000) .. (0.00000000, 4.00000000, 0.00000000) .. 
(-0.78036129, 3.92314100, 0.00000000) .. (-1.53073406, 3.69551802, 0.00000000) .. 
(-2.22228146, 3.32587814, 0.00000000) .. (-2.82842708, 2.82842708, 0.00000000) .. 
(-3.32587862, 2.22228074, 0.00000000) .. (-3.69551849, 1.53073311, 0.00000000) .. 
(-3.92314124, 0.78036124, 0.00000000) .. (-4.00000000, 0.00000000, 0.00000000) .. 
(-3.92314100, -0.78036195, 0.00000000) .. (-3.69551802, -1.53073370, 0.00000000) .. 
(-3.32587814, -2.22228122, 0.00000000) .. (-2.82842660, -2.82842755, 0.00000000) .. 
(-2.22228003, -3.32587910, 0.00000000) .. (-1.53073251, -3.69551873, 0.00000000) .. 
(-0.78036153, -3.92314100, 0.00000000) .. (0.00000000, -4.00000000, 0.00000000) .. 
(0.78036165, -3.92314100, 0.00000000) .. (1.53073442, -3.69551778, 0.00000000) .. 
(2.22228169, -3.32587790, 0.00000000) .. (2.82842803, -2.82842612, 0.00000000) .. 
(3.32587838, -2.22228122, 0.00000000) .. (3.69551826, -1.53073370, 0.00000000) .. 
(3.92314124, -0.78036094, 0.00000000) .. cycle;

